000_1756_words.xml ===>
{'set_268': [[3600, 3601, 3602], [3619], [3605]], 


'set_271': [[3692], [3707], [3693]], 


'set_199': [[2775], [2797], [2783], [2741, 2742, 2743, 2744, 2745], [2780], [2764], [2772]], 

'set_139': [[3240, 3241], [3247]], 'set_3': [[36], [41], [50], [8], [17]], 'set_119': [[2780, 2781], [2788]], 


'set_38': [[1006, 1007, 1008, 1009, 1010, 1011, 1012], [1024]], 


'set_40': [[1088, 1093, 1094, 1099, 1100], [1103]], 


'set_218': [[637, 638], [639], [677, 678]], 'set_183': [[1116, 1117, 1118, 1119, 1120], [1125], [1148], [1134], [1129], [1143]], 'set_87': [[1648, 1649], [1667]], 'set_106': [[2477], [2446, 2447, 2448, 2463, 2464, 2465], [2490]], 'set_135': [[3023, 3024, 3025, 3026], [3039], [3061], [3045]], 'set_156': [[3991, 3992, 3993, 3994, 3995, 3996, 3997, 3998, 3999], [4002], [4011], [4015]], 'set_275': [[4163], [4146, 4147], [4136, 4137, 4138, 4139, 4140, 4141, 4142]], 'set_225': [[651], [681], [667], [700], [629, 630, 631, 632, 633, 634, 635], [646], [654]], 'set_228': [[733, 734, 735], [750], [752, 753, 754]], 'set_230': [[775], [761, 762, 763], [789, 790, 791]], 'set_229': [[770, 771, 772], [780], [767, 768]], 'set_166': [[4262], [4248, 4249, 4250, 4251, 4252, 4253]], 'set_255': [[2297], [2310], [2294, 2295]], 'set_256': [[2325, 2326], [2327]], 'set_212': [[3987], [4038], [4046], [4006], [3959, 3960], [4013]], 'set_201': [[2842], [2921], [2931], [2859], [2883], [2881], [2877], [2915]], 'set_257': [[2334], [2362, 2363]], 'set_258': [[2357], [2358], [2365]], 'set_202': [[3173], [3167, 3168, 3169, 3170]], 'set_259': [[2386, 2387], [2388]], 'set_260': [[2391], [2392]], 'set_261': [[2606, 2607, 2608, 2609, 2610, 2611, 2612, 2613, 2614, 2615, 2616, 2617, 2618, 2619, 2620, 2621, 2622, 2623], [2642], [2630]], 'set_205': [[3522], [3527], [3510, 3511, 3512, 3513, 3514, 3515, 3516, 3517, 3518]], 'set_158': [[4033], [4022, 4023]], 'set_262': [[2654, 2655, 2656, 2657, 2658, 2659, 2660, 2661, 2662, 2663, 2664, 2665, 2666, 2667, 2668, 2669, 2670, 2671, 2672, 2673, 2674, 2675, 2676, 2677, 2678], [2691], [2681]], 'set_263': [[3006, 3007, 3008], [2753, 2754, 2755], [2964]], 'set_264': [[3052, 3053, 3054, 3055, 3056], [3066, 3067]], 'set_265': [[3129], [3130]], 'set_165': [[4054, 4055, 4056], [4059], [4082], [4094], [4089], [4117]], 'set_266': [[3271, 3272, 3273, 3274, 3275], [3277]], 'set_267': [[3359, 3360], [3317, 3329, 3338]], 'set_207': [[3808], [3818], [3804], [3786, 3787], [3855], [3827], [3832]], 'set_208': [[3931], [3911]], 'set_270': [[3640, 3641], [3642], [3650]], 'empty': [[4079], [2722], [1246], [2757], [822], [922], [1070], [296], [3297], [2409], [3401], [3396], [2470], [2506], [3110], [3079], [3561]], 'set_272': [[3713], [3714]], 'set_277': [[4289], [4322], [4320], [4282], [4273, 4274, 4275, 4276, 4277]], 'set_164': [[4102, 4103], [4110], [4112]], 'set_6': [[236, 237, 238, 239], [241]], 'set_30': [[802, 803, 804, 805], [813]], 'set_114': [[2702], [2725], [2705], [2717], [2697]], 'set_194': [[1718, 1719, 1720, 1721], [1725]], 'set_58': [[1254], [1260], [1229], [1224], [1237], [1214], [1267], [1193, 1194], [1219], [1201], [1197]], 'set_175': [[1252], [1243], [1250], [1370], [1214, 1215]], 'set_231': [[826, 827], [828], [830]], 'set_88': [[1701, 1702, 1703], [1705]], 'set_178': [[2229], [2049], [2059, 2060], [2096], [2090], [2070], [2156], [2199]], 'set_232': [[835, 836], [837]], 'set_233': [[862], [872], [859, 860]], 'set_227': [[739, 740], [742, 743, 744]], 'set_244': [[1746], [1755], [1717, 1718, 1719, 1720, 1721, 1722]], 'set_236': [[1006], [1007], [1014]], 'set_102': [[2283, 2284, 2285], [2312]], 'set_184': [[1288], [1279], [1270], [1267, 1268], [1315], [1281], [1300]], 'set_237': [[1029, 1030], [852, 853, 854, 855]], 'set_39': [[1032, 1033, 1034], [1004], [992, 993], [1067], [1059, 1060]], 'set_238': [[1056], [1057]], 'set_279': [[1276], [1253, 1254, 1255, 1256, 1257]], 'set_239': [[1117], [1116]], 'set_234': [[978], [975, 976, 977], [991]], 'set_243': [[1677, 1678, 1679, 1680, 1681, 1682], [1684, 1685]], 'set_241': [[1327], [1378], [1413], [1330], [1422], [1445], [1317], [1338], [1450], [1555], [1593], [1348], [1376], [1366], [1359], [1383], [1416], [1396], [1434], [1463], [1510], [1524], [1576], [1541], [1551], [1613], [1586], [1638]], 'set_245': [[1790, 1791, 1792], [1793]], 'set_246': [[1826], [1827]], 'set_278': [[886], [916], [905], [881], [883, 884], [874, 875, 876], [878, 879]], 'set_242': [[1644], [1654], [1651]], 'set_247': [[1837], [1838]], 'set_250': [[1852], [1853], [1866], [1867]], 'set_195': [[1883, 1884, 1885, 1886], [1900], [1925], [1909], [1937], [1927]], 'set_174': [[1320], [1302, 1303, 1304, 1305, 1306, 1307, 1308, 1309, 1310, 1311, 1312]], 'set_196': [[2075], [1900, 1901, 1902], [1915]], 'set_281': [[1930, 1931, 1932], [1955, 1956]], 'set_12': [[447], [452], [443, 444, 445], [462]], 'set_252': [[2020], [2006, 2007, 2008], [2010], [2015]], 'set_253': [[2039], [2003, 2004, 2005, 2006, 2007, 2008, 2009, 2010, 2011, 2012, 2013, 2014, 2015, 2016, 2017, 2018, 2019, 2020, 2021, 2022, 2023, 2024, 2025, 2026, 2027, 2028, 2029]], 'set_101': [[2151], [2183], [2162]], 'set_91': [[1919], [1911, 1912, 1913]], 'set_282': [[2121, 2122, 2123, 2124, 2125, 2126, 2127], [2129]], 'set_276': [[4212, 4213], [4221]], 'set_173': [[256, 257, 258, 259, 260, 261, 262], [266, 267], [283]], 'set_138': [[3114, 3115, 3116, 3117], [3142], [3131]], 'set_85': [[1450, 1451], [1470], [1494], [1527], [1560], [1627], [1602]], 'set_283': [[2430, 2431], [2432, 2433, 2434], [2442]], 'set_285': [[3369, 3370, 3371, 3372, 3373, 3374, 3375, 3376], [3387]], 'set_286': [[3087, 3088, 3089, 3090, 3091, 3092], [3098]], 'set_217': [[598], [596, 597]], 'set_18': [[583], [555, 556], [566], [589], [618], [602], [604]], 'set_219': [[1, 2, 3, 4, 5, 6, 7, 8, 9, 10, 11, 12, 13, 14, 15, 16, 17, 18, 19, 20, 21, 22, 23, 24, 25, 26, 27, 28, 29, 30, 31, 32, 33, 34, 35, 36, 37, 38, 39, 40, 41, 42, 43, 44, 45, 46, 47, 48, 49, 50, 51, 52, 53, 54, 55, 56, 57, 58, 59, 60, 61, 62], [63]], 'set_220': [[174, 175, 176], [200, 201, 202]], 'set_280': [[1504], [1519]], 'set_223': [[326, 327, 328, 329, 330, 331, 332, 333, 334, 335, 336, 337, 338], [398], [346], [367], [365], [344]], 'set_224': [[376, 377, 378], [380]], 'set_226': [[656], [657]], 'set_222': [[256, 257, 258, 259, 260, 261, 262, 263, 264, 265, 266, 267, 268, 269, 270], [308]], 'set_147': [[3808, 3809], [3830]], 'set_152': [[3812], [3800], [3791, 3792], [3839], [3863], [3871]], 'set_9': [[305], [249, 250], [361], [342]], 'set_136': [[2896], [2904], [2889], [2940], [2956], [3070]], 'set_103': [[2423], [2417, 2418]], 'set_5': [[205], [182], [178, 179]], 'set_107': [[2518], [2515, 2516]], 'set_273': [[3834, 3835], [3807, 3808, 3809]], 'set_108': [[2520, 2521], [2527]], 'set_197': [[2600], [2586]], 'set_109': [[2563, 2564], [2572]], 'set_44': [[1169], [1176]]}

 

001_1819_words.xml ===>
{'set_163': [[872, 873, 874, 875, 876], [877]], 'set_162': [[865], [854, 855, 856, 857, 858, 859, 860, 861, 862, 863, 864]], 'set_164': [[874, 875], [895, 896], [904]], 'set_161': [[823, 824], [854, 855]], 'set_165': [[903], [902]], 'set_166': [[932, 933, 934, 935, 936, 937, 938, 939, 940, 941, 942, 943, 944], [952]], 'set_172': [[1183, 1184, 1185, 1186, 1187, 1188, 1189, 1190, 1191, 1192, 1193, 1194, 1195, 1196, 1197, 1198, 1199, 1200], [1215]], 'set_169': [[1121, 1122], [1115]], 'set_170': [[1158, 1159], [1153], [1209, 1210, 1211]], 'set_167': [[1017, 1018, 1019], [1020]], 'set_168': [[1109, 1110, 1111, 1112, 1113, 1114, 1115, 1116, 1117, 1118, 1119], [1104]], 'set_171': [[1150, 1151, 1152, 1153, 1154, 1155, 1156, 1157, 1158, 1159, 1160, 1161], [1172], [1179]], 'set_181': [[1758, 1759], [1704], [1863, 1864]], 'set_178': [[1712, 1713, 1714, 1715, 1716, 1717, 1718, 1719, 1720, 1721, 1722, 1723, 1724, 1725, 1726, 1727, 1728, 1729, 1730, 1731, 1732, 1733, 1734, 1735, 1736, 1737, 1738, 1739, 1740, 1741, 1742, 1743, 1744, 1745, 1746, 1747, 1748], [1750]], 'set_176': [[1543, 1544, 1545, 1546, 1547, 1548, 1549], [1552]], 'set_175': [[1420], [1410, 1411, 1412, 1413, 1414, 1415, 1416]], 'set_177': [[1587, 1588, 1589, 1590, 1591], [1592]], 'set_173': [[1339], [1337, 1338]], 'set_174': [[1334, 1335, 1336, 1337, 1338, 1339, 1340, 1341, 1342, 1343, 1344, 1345, 1346, 1347, 1348, 1349, 1350, 1351, 1352, 1353], [1355]], 'set_146': [[84], [68, 69, 70, 71, 72, 73, 74, 75, 76, 77, 78, 79, 80, 81]], 'set_185': [[2022, 2023], [2035, 2036], [2010, 2011]], 'set_127': [[2826], [2846], [2834, 2835], [2819]], 'set_35': [[1080], [1071], [1083]], 'set_92': [[2196, 2197], [2190], [2186, 2187, 2188]], 'set_183': [[1867, 1868, 1869, 1870, 1871, 1872, 1873, 1874, 1875, 1876, 1877, 1878, 1879, 1880, 1881, 1882, 1883, 1884, 1885, 1886, 1887, 1888, 1889, 1890], [1893]], 'set_182': [[1882], [1881]], 'set_184': [[1924, 1925, 1926, 1927], [1940], [1938], [1951], [1956], [2004], [1997], [1965], [2010], [2013], [2038]], 'set_24': [[502], [494], [476], [491], [469, 470, 471, 472, 473, 474], [528, 529]], 'set_180': [[1793, 1794, 1795, 1796, 1797, 1798, 1799, 1800, 1801, 1802, 1803, 1804], [1841], [1807]], 'set_159': [[615], [674], [536, 537], [549], [565], [587], [572], [568], [576], [552, 553, 554], [605, 606, 607], [655, 656], [724, 725], [706, 707]], 'set_62': [[1574], [1564, 1565, 1566, 1567, 1568, 1569]], 'set_191': [[2496], [2471, 2472, 2473, 2474, 2475, 2476, 2477, 2478, 2479, 2480, 2481, 2482, 2483, 2484, 2485, 2486, 2487, 2488, 2489, 2490]], 'set_190': [[2375], [2352, 2353, 2354, 2355, 2356, 2357, 2358, 2359, 2360, 2361, 2362, 2363, 2364, 2365, 2366, 2367, 2368, 2369, 2370, 2371, 2372]], 'set_129': [[2860], [2874]], 'set_61': [[1539], [1522], [1497], [1515], [1512], [1526], [1489, 1490, 1491, 1492]], 'set_210': [[2323, 2324], [2287, 2288]], 'set_189': [[2279, 2280, 2281, 2282, 2283, 2284, 2285, 2286, 2287, 2288, 2289, 2290, 2291, 2292, 2293, 2294, 2295, 2296, 2297, 2298, 2299, 2300, 2301, 2302, 2303, 2304, 2305, 2306, 2307, 2308, 2309, 2310, 2311, 2312, 2313, 2314, 2315, 2316, 2317, 2318, 2319, 2320, 2321, 2322, 2323, 2324, 2325, 2326, 2327, 2328, 2329, 2330, 2331, 2332, 2333, 2334, 2335, 2336, 2337, 2338, 2339, 2340, 2341, 2342, 2343, 2344, 2345, 2346, 2347, 2348, 2349, 2350], [2353], [2369]], 'set_160': [[754], [729, 730, 731, 732, 733, 734, 735, 736, 737, 738, 739], [776, 777, 778]], 'set_1': [[22], [24], [35]], 'set_188': [[2256, 2257], [2275], [2266], [2214, 2215, 2216], [2243], [2229], [2218]], 'set_71': [[1789], [1787], [1770, 1771], [1778], [1773], [1802]], 'set_43': [[1310, 1311, 1312], [1315]], 'empty': [[850], [885], [867], [2342], [1481], [1577], [1764], [165], [1670], [2730], [2718], [1699]], 'set_104': [[2280], [2261], [2253], [2295], [2333], [2313], [2319]], 'set_42': [[1281], [1278, 1279], [1241], [1229, 1230, 1231, 1232, 1233, 1234, 1235]], 'set_45': [[1351], [1343]], 'set_44': [[1332], [1318, 1319, 1320, 1321, 1322, 1323, 1324, 1325, 1326, 1327, 1328, 1329]], 'set_143': [[1387], [1406], [1369, 1370, 1371, 1372, 1373, 1374, 1375]], 'set_51': [[1393], [1383], [1403]], 'set_46': [[1367], [1361, 1362]], 'set_105': [[2388], [2379, 2380, 2381]], 'set_72': [[1919], [1930, 1931], [1908, 1909, 1910, 1911, 1912, 1913]], 'set_31': [[989], [979, 980, 981, 982, 983, 984, 985, 986, 987]], 'set_54': [[1430, 1431], [1443], [1452]], 'set_208': [[521], [509, 510, 511], [505, 506, 507], [497, 498, 499]], 'set_36': [[1061], [1053], [1052], [1092]], 'set_60': [[1503], [1534]], 'set_79': [[1994], [1991], [1971, 1972, 1973, 1974, 1975]], 'set_17': [[634], [620, 621, 622, 623, 624], [670, 671, 672]], 'set_195': [[2632, 2633], [2556, 2557], [2534], [2531, 2532, 2533]], 'set_193': [[2628, 2629], [2554], [2551, 2552, 2553]], 'set_18': [[646, 647, 648, 649, 650, 651, 652, 653, 654, 655, 656, 657, 658, 659], [661]], 'set_197': [[2642, 2643, 2644, 2645, 2646, 2647, 2648, 2649, 2650, 2651, 2652, 2653, 2654, 2655, 2656, 2657, 2658, 2659, 2660, 2661, 2662, 2663, 2664, 2665, 2666, 2667, 2668, 2669, 2670, 2671, 2672, 2673, 2674, 2675], [2678], [2687], [2691], [2683], [2699], [2695]], 'set_196': [[2626, 2627, 2628, 2629, 2630, 2631, 2632, 2633], [2636]], 'set_194': [[2610], [2527, 2528, 2529, 2530, 2531, 2532, 2533, 2534, 2535, 2536, 2537, 2538, 2539, 2540]], 'set_3': [[299], [280], [277, 278]], 'set_207': [[308], [262, 263, 264, 265, 266, 267, 268, 269, 270, 271, 272, 273, 274, 275, 276, 277, 278, 279, 280, 281, 282, 283, 284, 285, 286, 287, 288, 289, 290, 291, 292, 293, 294, 295, 296, 297, 298, 299]], 'set_65': [[1724], [1697], [1711]], 'set_130': [[2932], [2936], [2925, 2926, 2927, 2928, 2929, 2930]], 'set_112': [[2460, 2461, 2462], [2472]], 'set_202': [[2786], [2785], [2791]], 'set_203': [[2841, 2842], [2843]], 'set_200': [[2761], [2749, 2750, 2751, 2752, 2753, 2754, 2755, 2756, 2757, 2758, 2759]], 'set_110': [[2451], [2457], [2438, 2439, 2440, 2441, 2442, 2443, 2444]], 'set_199': [[2743, 2744], [2726, 2727]], 'set_198': [[2702, 2703], [2704]], 'set_124': [[2528, 2529], [2544], [2603]], 'set_209': [[1668, 1669, 1670, 1671, 1672, 1673, 1674, 1675, 1676, 1677, 1678, 1679, 1680, 1681], [1685]], 'set_206': [[2962], [2970], [2957], [2945, 2946, 2947, 2948, 2949, 2950], [2952]], 'set_116': [[2512, 2513], [2518]], 'set_205': [[2916], [2905, 2906, 2907, 2908, 2909, 2910, 2911]], 'set_115': [[2505, 2506, 2507, 2508, 2509], [2515]], 'set_87': [[2105, 2106, 2107, 2108, 2109, 2110], [2117], [2131, 2132]], 'set_204': [[2862, 2863], [2852, 2853, 2854, 2855, 2856]], 'set_151': [[220], [216, 217, 218]], 'set_86': [[2068], [2061], [2055]], 'set_147': [[101], [98, 99]], 'set_148': [[118, 119], [109, 110, 111, 112, 113, 114]], 'set_145': [[59], [71, 72, 73]], 'set_144': [[13], [10, 11, 12], [19, 20]], 'set_153': [[326, 327], [328]], 'set_154': [[379], [386, 387, 388]], 'set_150': [[218], [196, 197, 198, 199, 200, 201, 202, 203, 204, 205, 206, 207, 208, 209, 210, 211, 212, 213, 214]], 'set_152': [[224], [222, 223]], 'set_149': [[154], [152]], 'set_156': [[438, 439, 440], [443, 444, 445]], 'set_63': [[1638, 1639, 1640], [1666]], 'set_186': [[2155], [2148], [2139]], 'set_157': [[449, 450, 451], [453]], 'set_155': [[382, 383, 384, 385, 386, 387, 388], [400]], 'set_126': [[2739], [2723]], 'set_66': [[1729], [1724, 1725]]}

 

002_1825_words.xml ===>
{'set_76': [[1952, 1953], [1945, 1946], [1960], [1955]], 'set_145': [[826], [716, 717, 718, 719, 720, 721, 722, 723, 724, 725, 726, 727, 728, 729, 730, 731, 732, 733, 734, 735, 736, 737, 738]], 'set_42': [[1338], [1329], [1365]], 'set_40': [[1313], [1297], [1306]], 'set_29': [[1191], [1197]], 'set_129': [[1245, 1246], [1250], [1265], [1262], [1289], [1270], [1275]], 'set_47': [[1425], [1406], [1404], [1438], [1431]], 'set_79': [[1985], [1980, 1981], [1992], [1988]], 'set_14': [[848], [844]], 'set_43': [[1388], [1394]], 'set_82': [[2022], [2045], [2056]], 'set_10': [[446], [414], [409]], 'set_50': [[1477], [1461, 1462]], 'set_80': [[2029, 2030, 2031], [2036]], 'set_102': [[2510], [2499, 2500, 2501, 2502, 2503]], 'set_136': [[2059], [2049, 2050, 2051, 2052, 2053]], 'set_103': [[2515], [2525]], 'set_53': [[1499, 1500], [1502]], 'set_54': [[1497], [1504], [1492], [1442, 1443]], 'empty': [[1515], [1541], [519], [626], [670], [2697], [1843], [1834]], 'set_55': [[1512], [1506]], 'set_18': [[959], [977], [981], [963], [967]], 'set_143': [[2691, 2692, 2693], [2709, 2710, 2711, 2712]], 'set_85': [[2101], [2096, 2097, 2098]], 'set_87': [[2138], [2134], [2130, 2131]], 'set_131': [[1571], [1556, 1557, 1558, 1559, 1560, 1561, 1562, 1563, 1564, 1565, 1566, 1567, 1568]], 'set_4': [[132], [119, 120, 121, 122], [142]], 'set_56': [[1604], [1601]], 'set_139': [[2163], [2175], [2140, 2141, 2142], [2147], [2143]], 'set_22': [[1116], [1097], [1089, 1090, 1091], [1104]], 'set_24': [[1151], [1129, 1130, 1131, 1132, 1133, 1134, 1135, 1136, 1137, 1138, 1139, 1140, 1141, 1142, 1143, 1144]], 'set_57': [[1643], [1635, 1636]], 'set_126': [[1122], [1089, 1090, 1091, 1092, 1093, 1094, 1095, 1096, 1097, 1098, 1099, 1100, 1101, 1102, 1103, 1104, 1105, 1106, 1107, 1108, 1109, 1110, 1111, 1112, 1113, 1114, 1115, 1116, 1117, 1118, 1119]], 'set_132': [[1682], [1695], [1691], [1664, 1665], [1657, 1658, 1659]], 'set_83': [[2065], [2061, 2062]], 'set_93': [[2195], [2198], [2214], [2190], [2222], [2193]], 'set_84': [[2096], [2089, 2090]], 'set_65': [[1765], [1758, 1759, 1760]], 'set_63': [[1714], [1706, 1707], [1748], [1753]], 'set_73': [[1883], [1898], [1891], [1903]], 'set_137': [[2121], [2092, 2093]], 'set_11': [[637], [644]], 'set_64': [[1742, 1743], [1755]], 'set_130': [[1546], [1530, 1531, 1532, 1533, 1534, 1535, 1536, 1537, 1538]], 'set_26': [[1154, 1155, 1156, 1157, 1158, 1159, 1160], [1173, 1174], [1169]], 'set_5': [[277, 278], [293]], 'set_106': [[1377], [1379]], 'set_124': [[860], [836, 837, 838, 839, 840, 841, 842, 843, 844, 845, 846, 847, 848, 849, 850, 851, 852, 853, 854]], 'set_12': [[656], [677]], 'set_110': [[146, 147, 148, 149, 150, 151, 152, 153, 154, 155, 156, 157, 158, 159], [188, 189], [162, 163], [186]], 'set_108': [[37], [34, 35, 36]], 'set_107': [[1, 2, 3, 4], [9], [12]], 'set_105': [[2590, 2591, 2592, 2593, 2594], [2612], [2601], [2596]], 'set_125': [[1048], [1059]], 'set_32': [[1227], [1223], [1220]], 'set_13': [[685, 686, 687, 688, 689, 690], [740]], 'set_115': [[617], [614, 615, 616]], 'set_116': [[667, 668], [655, 656, 657, 658, 659]], 'set_114': [[598, 599], [594, 595]], 'set_113': [[455], [453]], 'set_111': [[275], [272, 273]], 'set_112': [[386, 387, 388, 389, 390, 391, 392, 393, 394, 395, 396, 397, 398, 399, 400, 401, 402, 403, 404, 405, 406, 407], [384]], 'set_121': [[731, 732, 733, 734, 735], [736], [724], [719], [713, 714]], 'set_2': [[1], [26], [22]], 'set_122': [[777, 778, 779, 780, 781], [782]], 'set_117': [[679], [657, 658, 659]], 'set_118': [[696], [692, 693, 694]], 'set_128': [[1191, 1192, 1193, 1194, 1195, 1196, 1197, 1198, 1199, 1200, 1201, 1202, 1203, 1204, 1205, 1206, 1207, 1208, 1209, 1210, 1211, 1212, 1213, 1214, 1215, 1216], [1217]], 'set_127': [[1183, 1184], [1170, 1171, 1172, 1173, 1174, 1175, 1176, 1177, 1178, 1179, 1180]], 'set_123': [[840, 841], [843]], 'set_98': [[2252], [2248], [2256], [2242], [2230]], 'set_135': [[2041, 2042], [2052, 2053], [2044]], 'set_134': [[1781], [1757, 1758, 1759, 1760, 1761, 1762, 1763, 1764, 1765, 1766, 1767, 1768, 1769, 1770, 1771, 1772, 1773, 1774, 1775, 1776, 1777, 1778, 1779]], 'set_133': [[1733], [1711, 1712, 1713, 1714, 1715, 1716, 1717, 1718, 1719, 1720, 1721, 1722, 1723, 1724, 1725, 1726, 1727, 1728, 1729, 1730, 1731], [1739, 1740, 1741, 1742, 1743, 1744, 1745, 1746, 1747, 1748, 1749, 1750, 1751, 1752, 1753, 1754, 1755, 1756], [1779], [1770]], 'set_95': [[2245], [2233]], 'set_141': [[2436, 2437, 2438, 2439, 2440, 2441, 2442, 2443, 2444, 2445, 2446, 2447, 2448, 2449, 2450, 2451, 2452, 2453, 2454, 2455, 2456, 2457, 2458, 2459, 2460, 2461, 2462, 2463, 2464, 2465, 2466, 2467, 2468, 2469, 2470, 2471, 2472, 2473, 2474, 2475, 2476, 2477, 2478, 2479, 2480, 2481, 2482, 2483, 2484, 2485], [2490]], 'set_142': [[2640, 2641, 2642, 2643, 2644, 2645, 2646, 2647, 2648, 2649, 2650, 2651, 2652], [2657, 2658]], 'set_68': [[1796], [1815, 1816]], 'set_6': [[310, 311, 312, 313, 315, 316, 318, 319, 321, 322, 334, 335], [339]], 'set_100': [[2288], [2275], [2266, 2267]], 'set_140': [[2429], [2391, 2392, 2393, 2394, 2395, 2396, 2397, 2398, 2399, 2400, 2401, 2402, 2403, 2404, 2405, 2406, 2407, 2408, 2409, 2410, 2411, 2412, 2413, 2414, 2415, 2416, 2417, 2418, 2419, 2420, 2421, 2422, 2423, 2424, 2425, 2426, 2427, 2428]], 'set_70': [[1840], [1837]], 'set_8': [[374], [365]], 'set_69': [[1829], [1819]]}

 

003_1894_words.xml ===>
{'empty': [[3616], [3612], [3598], [3608], [3602], [3626], [3636], [4376], [4387], [4396], [4399], [3687], [3656], [3665], [3641], [3647], [4370], [3707], [3720], [3796], [3791], [3740], [3827], [3838], [3820], [3818], [3815], [2833], [3809], [1173], [4226], [5212], [5220], [5229], [1178], [1198], [4288], [1229], [4303], [4308], [4313], [4316], [4339], [4348], [4363], [4326], [5045], [5058], [4092], [5066], [5072], [4102], [5077], [4107], [5089], [4117], [4118], [5100], [4122], [4126], [4128], [5110], [5117], [5121], [4147], [5128], [4178], [5148], [5155], [5193], [4112], [4181], [4199], [4222], [2341], [1308], [4293], [5369], [4359], [1313], [4383], [4444], [2329], [4448], [4709], [5389], [5351], [5355], [4743], [4983], [5413], [5095], [2377], [5425], [1356], [5246], [4410], [2386], [5435], [1363], [5376], [5379], [4422], [2364], [5454], [5382], [5457], [2372], [5403], [1332], [1325], [2399], [5509], [2394], [5512], [5569], [5609], [5666], [5477], [5685], [4451], [5762], [4456], [2417], [5486], [4465], [2426], [2407], [5492], [2401], [1395], [4441], [1371], [1430], [5516], [5519], [2454], [5527], [4527], [1446], [4539], [458], [1506], [520], [1513], [1209], [356], [368], [5238], [1807], [1818], [1542], [2002], [1538], [2007], [2252], [1241], [1558], [2429], [2494], [2593], [1577], [2693], [2740], [1585], [2827], [5273], [3012], [3309], [3473], [5330], [3517], [5332], [3536], [3554], [3623], [3860], [1625], [4042], [5346], [4069], [2987], [5321], [5325], [3869], [2893], [3882], [3864], [3855], [2887], [3846], [2870], [2930], [3925], [2938], [2922], [2901], [2983], [2971], [2957], [4013], [4020], [3034], [3022], [2096], [2085], [2098], [3005], [2074], [3069], [3078], [2160], [2152], [4027], [2129], [2141], [3045], [3106], [1245], [2256], [2247], [2300], [2307], [2285], [3182], [2294], [1258], [2281], [3235], [3205], [3203], [3218], [3323], [3333], [3328], [3314], [3298], [3296], [3303], [4732], [694], [4749], [714], [4775], [703], [4804], [4809], [4815], [4824], [4826], [4835], [831], [4546], [4563], [4584], [5597], [5605], [4616], [5629], [5637], [4635], [4653], [4678], [4685], [2753], [2782], [1827], [2796], [4896], [1831], [2764], [1810], [2774], [2769], [4911], [4866], [4878], [1789], [2748], [1848], [2800], [2821], [887], [4933], [1857], [4947], [1864], [2810], [1835], [929], [4969], [1902], [1907], [1884], [1939], [1937], [4992], [5007], [1965], [4036], [1969], [4049], [4060], [1950], [2000], [5703], [1990], [5711], [1998], [1994], [5719], [5689], [2010], [2013], [2005], [5739], [5743], [5755], [2043], [2040], [5765], [5734], [1078], [1108], [5780], [5786], [5772], [1122], [5824], [4842], [4849], [1135], [1142], [5811], [2465], [3374], [2461], [3352], [318], [3335], [3349], [2500], [3376], [2486], [3387], [3459], [2528], [2531], [2513], [2521], [3500], [3493], [5676], [2569], [5680], [2554], [2551], [3476], [1629], [1640], [2625], [3544], [3523], [2613], [3513], [3507], [3563], [3584], [3593], [3588], [2646], [3569], [3575], [2634], [3548], [1729], [2688], [2701], [2677], [2682], [3596], [2713], [2733], [1781], [2720], [2730], [2708], [1760]], 'set_280': [[4381], [4372, 4373]], 'set_281': [[4392, 4393], [4404]], 'set_371': [[3662], [3647, 3648, 3649, 3650, 3651, 3652]], 'set_2': [[162], [172], [189, 190, 191]], 'set_226': [[3672], [3693]], 'set_1': [[66], [12], [34, 35]], 'set_364': [[2855], [2848], [2841, 2842], [2885], [2863], [2906], [2904], [2843]], 'set_231': [[3834], [3823]], 'set_36': [[1167], [1160], [1155], [1149], [1140, 1141, 1142, 1143, 1144, 1145]], 'set_392': [[5201, 5202], [5205], [5252], [5203]], 'set_279': [[4237], [4246], [4267], [4272], [4277], [4282], [4203, 4204], [4209, 4210], [4216]], 'set_393': [[5226], [5236], [5212, 5213, 5214]], 'set_275': [[4256, 4257], [4259]], 'set_305': [[5029], [4902], [4939], [4953]], 'set_254': [[4077], [4042, 4043], [4054]], 'set_378': [[4081], [4073, 4074, 4075]], 'set_270': [[4088], [4137], [4149], [4154], [4167], [4175], [4190], [3983], [4009], [3995], [3987], [3991], [3974]], 'set_397': [[5367], [5350, 5351, 5352, 5353]], 'set_299': [[4914], [4907, 4908]], 'set_395': [[5307], [5282, 5283], [5298], [5303], [5312], [5304], [5284], [5310, 5311]], 'set_360': [[2383], [2434], [2457], [2372, 2373, 2374, 2375], [2445]], 'set_321': [[5447], [5460], [5503], [5506], [5423, 5424, 5425, 5426, 5427, 5428]], 'set_343': [[1345], [1339], [1307, 1308, 1309, 1310, 1311, 1312, 1313, 1314, 1315, 1316, 1317, 1318, 1319, 1320, 1321, 1322, 1323, 1324, 1325, 1326, 1327, 1328, 1329, 1330, 1331, 1332, 1333, 1334, 1335, 1336, 1337], [1350]], 'set_120': [[2368], [2422], [2413], [2483], [2359, 2360, 2361, 2362]], 'set_288': [[4448, 4449], [4474], [4523]], 'set_42': [[1403], [1409]], 'set_285': [[4461], [4478], [4444, 4445], [4581]], 'set_21': [[638, 639, 640, 641, 642, 643, 644, 645, 646, 647, 648, 649, 650, 651, 652, 653, 654, 655, 656, 657, 658], [673]], 'set_28': [[907, 908], [931], [917], [904]], 'set_8': [[429], [422], [416], [411, 412], [426]], 'set_332': [[432], [406, 407, 408, 409, 410, 411, 412, 413, 414, 415, 416, 417, 418, 419, 420, 421, 422, 423, 424, 425, 426, 427, 428, 429]], 'set_344': [[1379], [1355, 1356, 1357, 1358, 1359, 1360, 1361, 1362, 1363, 1364, 1365, 1366, 1367, 1368, 1369, 1370, 1371, 1372, 1373, 1374, 1375, 1376]], 'set_115': [[2429, 2430], [2436]], 'set_46': [[1435], [1444], [1487], [1606], [1617], [1634]], 'set_379': [[4499], [4507], [4484, 4485], [4486]], 'set_16': [[473], [460], [466], [455], [517], [529]], 'set_44': [[1473], [1464, 1465, 1466]], 'set_380': [[4516], [4535], [4499, 4500, 4501, 4502, 4503, 4504, 4505, 4506, 4507, 4508, 4509, 4510, 4511, 4512, 4513, 4514], [4551], [4556]], 'set_334': [[478, 479], [484], [491]], 'set_347': [[1485], [1478, 1479], [1501], [1451], [1452], [1480]], 'set_335': [[504], [481, 482, 483, 484, 485, 486, 487, 488, 489, 490, 491, 492, 493, 494, 495, 496, 497, 498, 499, 500, 501]], 'set_336': [[547], [533, 534, 535, 536, 537, 538, 539, 540, 541, 542, 543, 544, 545]], 'set_52': [[1704], [1738], [1655], [1785], [1639], [1636, 1637, 1638], [1686], [1669], [1735], [1716], [1700], [1709], [1770], [1783], [1762], [1648]], 'set_394': [[5262], [5254, 5255], [5256]], 'set_354': [[2078], [2068, 2069, 2070], [2072]], 'set_396': [[5267, 5268], [5270], [5276], [5278], [5300, 5301]], 'set_337': [[586], [596], [570, 571]], 'set_103': [[2319], [2309], [2313], [2304], [2291], [2297]], 'set_22': [[611, 612], [630], [628], [679]], 'set_129': [[2565], [2535]], 'set_349': [[1583], [1600], [1571], [1561, 1562, 1563, 1564, 1565, 1566, 1567, 1568]], 'set_317': [[5336]], 'set_365': [[2890], [2897], [2880, 2881]], 'set_233': [[3875], [3853, 3854, 3855, 3856]], 'set_391': [[5171], [5169, 5170]], 'set_388': [[5041], [5036, 5037, 5038, 5039]], 'set_389': [[5145, 5146], [5147]], 'set_390': [[5132, 5133, 5134, 5135, 5136, 5137, 5138, 5139, 5140, 5141], [5143]], 'set_144': [[2866, 2867], [2877]], 'set_400': [[711, 712, 713, 714, 715, 716, 717, 718, 719, 720, 721], [1050], [1039]], 'set_234': [[3914], [3882, 3883, 3884, 3885, 3886, 3887, 3888, 3889, 3890, 3891, 3892, 3893, 3894, 3895, 3896, 3897, 3898, 3899, 3900, 3901, 3902, 3903, 3904, 3905, 3906, 3907, 3908, 3909, 3910, 3911]], 'set_398': [[5531, 5532, 5533, 5534], [5542]], 'set_376': [[3972], [3956], [3945], [3946]], 'set_90': [[2056], [2118], [2028, 2029, 2030, 2031]], 'set_167': [[2990], [2993], [3040], [3083], [3178]], 'set_377': [[3980], [3995, 3996, 3997, 3998, 3999, 4000, 4001, 4002, 4003, 4004, 4005, 4006, 4007]], 'set_375': [[3942], [3927, 3928], [3929]], 'set_246': [[4017, 4018], [4024]], 'set_242': [[3997, 3998], [4004]], 'set_168': [[3053, 3054, 3055, 3056], [3112], [3096], [3089], [3150], [3134], [3147], [3126], [3186], [3060]], 'set_355': [[2148], [2144, 2145, 2146], [2061, 2062, 2063, 2064, 2065, 2066, 2067, 2068, 2069, 2070, 2071, 2072, 2073, 2074, 2075, 2076, 2077, 2078, 2079, 2080]], 'set_94': [[2203], [2201], [2194], [2165, 2166, 2167, 2168, 2169, 2170, 2171, 2172, 2173, 2174]], 'set_165': [[3152], [3163], [3175]], 'set_341': [[1252], [1228, 1229, 1230, 1231, 1232, 1233, 1234, 1235, 1236, 1237, 1238, 1239, 1240, 1241, 1242, 1243, 1244, 1245, 1246, 1247, 1248, 1249, 1250]], 'set_382': [[4643, 4644, 4645, 4646], [4647], [4680]], 'set_357': [[2220, 2221, 2222], [2235], [2170, 2171, 2172, 2173, 2174]], 'set_381': [[4599, 4600], [4601]], 'set_304': [[4985], [4979, 4980, 4981], [5015], [5019]], 'set_387': [[4987, 4988, 4989, 4990], [4991]], 'set_383': [[4667, 4668], [4672]], 'set_384': [[4771, 4772, 4773], [4774]], 'set_39': [[1256], [1260]], 'set_385': [[4778], [4757, 4758, 4759, 4760, 4761, 4762, 4763, 4764, 4765, 4766, 4767, 4768, 4769, 4770, 4771, 4772, 4773, 4774, 4775, 4776]], 'set_97': [[2273], [2240, 2241, 2242, 2243]], 'set_386': [[4856, 4857, 4858, 4859, 4860, 4861, 4862, 4863, 4864, 4865, 4866, 4867, 4868, 4869, 4870, 4871], [4874]], 'set_187': [[3226], [3231], [3237], [3293], [3265], [3274], [3247], [3254], [3285], [3300], [3210, 3211], [3346]], 'set_295': [[4736], [4740]], 'set_298': [[4784, 4785], [4796], [4818], [4831], [4846]], 'set_297': [[4800], [4839]], 'set_24': [[817, 818], [815], [827], [797, 798]], 'set_322': [[5557, 5558], [5576]], 'set_325': [[5569, 5570], [5586], [5591], [5602]], 'set_293': [[4565, 4566, 4567], [4578], [4590]], 'set_326': [[5614, 5615], [5620]], 'set_294': [[4639], [4624, 4625, 4626, 4627]], 'set_369': [[3477, 3478], [3482], [3529, 3530, 3531]], 'set_370': [[3533, 3534, 3535, 3536, 3537], [3546]], 'set_374': [[3884, 3885, 3886, 3887, 3888, 3889, 3890, 3891, 3892, 3893], [3894], [3901], [3907]], 'set_300': [[4926], [4921]], 'set_138': [[2806], [2816]], 'set_352': [[1930], [1910, 1911]], 'set_75': [[1922], [1912]], 'set_76': [[1976], [1972, 1973]], 'set_345': [[1382, 1383], [1384]], 'set_348': [[1529, 1530], [1531]], 'set_350': [[1887, 1888], [1868, 1869, 1870]], 'set_30': [[1068], [1040, 1041, 1042, 1043, 1044, 1045, 1046]], 'set_351': [[1918, 1919], [1923]], 'set_353': [[1987, 1988, 1989, 1990], [2016, 2017]], 'set_329': [[5762, 5763], [5782], [5767], [5769]], 'set_356': [[2165, 2166, 2167, 2168], [2207, 2208, 2209]], 'set_340': [[1087], [1084, 1085], [1053], [1057]], 'set_358': [[2334, 2335, 2336], [2337]], 'set_32': [[1113], [1128]], 'set_359': [[2348, 2349], [2355, 2356, 2357], [2479, 2480, 2481]], 'set_361': [[2513, 2514, 2515, 2516, 2517, 2518, 2519, 2520, 2521, 2522, 2523, 2524, 2525], [2510]], 'set_362': [[2691, 2692, 2693, 2694, 2695, 2696, 2697, 2698, 2699], [2705]], 'set_363': [[2830, 2831], [2832]], 'set_366': [[3026], [3027]], 'set_367': [[3170], [3171]], 'set_368': [[3424, 3425], [3406, 3407, 3408, 3409]], 'set_188': [[3364, 3365], [3381]], 'set_132': [[2599], [2603]], 'set_134': [[2638, 2639, 2640, 2641, 2642, 2643, 2644], [2650]], 'set_225': [[3414], [3428], [3397, 3398, 3399, 3400, 3401, 3402, 3403, 3404, 3405, 3406, 3407, 3408, 3409], [3457], [3447], [3439], [3469]], 'set_124': [[2508], [2494, 2495]], 'set_191': [[3430, 3431], [3434]], 'set_127': [[2490], [2483, 2484]], 'set_201': [[3484, 3485, 3486, 3487, 3488, 3489, 3490, 3491, 3492, 3493, 3494, 3495, 3496, 3497], [3505]], 'set_330': [[261, 262], [231, 232, 233, 234, 235, 236, 237, 238, 239, 240, 241, 242, 243, 244, 245, 246, 247, 248, 249, 250, 251, 252, 253]], 'set_331': [[266, 267], [329, 330]], 'set_333': [[446, 447], [448]], 'set_131': [[2587], [2582], [2601]], 'set_339': [[940, 941], [949, 950], [989, 990]], 'set_200': [[3502], [3473, 3474]], 'set_214': [[3536, 3537], [3579]], 'set_54': [[1679], [1671, 1672]], 'set_59': [[1713], [1704, 1705]], 'set_136': [[2716, 2717], [2726]]}

 

005_1938_words.xml ===>
{'set_100': [[1867], [1874], [1881], [1843, 1844, 1845, 1846, 1847, 1848, 1849, 1850, 1851, 1852, 1853, 1854, 1855, 1856, 1857, 1858, 1859, 1860, 1861, 1862, 1863, 1864, 1865]], 'set_57': [[2360], [2406], [2340, 2341, 2342, 2343, 2344, 2345, 2346], [2349]], 'set_42': [[1854], [1846, 1847, 1848, 1849]], 'set_88': [[1353], [1344, 1345, 1346, 1347, 1348, 1349, 1350, 1351]], 'empty': [[1358], [1387], [895], [456], [1038], [1592], [697], [1192], [1321]], 'set_21': [[916], [913], [878, 879, 880, 881, 882, 883, 884, 885, 886, 887, 888, 889, 890, 891, 892]], 'set_45': [[1896], [1884, 1885, 1886, 1887]], 'set_89': [[1404], [1390, 1391, 1392, 1393, 1394, 1395, 1396, 1397, 1398, 1399, 1400]], 'set_24': [[953, 954], [957]], 'set_76': [[961], [946, 947, 948, 949, 950, 951, 952, 953, 954, 955, 956, 957, 958]], 'set_23': [[942], [937, 938]], 'set_103': [[1986], [1944, 1945], [1966, 1967, 1968, 1969, 1970, 1971]], 'set_25': [[989, 990], [995]], 'set_52': [[2482, 2483], [2499]], 'set_94': [[1480], [1445, 1446, 1447, 1448, 1449, 1450, 1451, 1452, 1453, 1454, 1455, 1456, 1457, 1458, 1459, 1460, 1461, 1462, 1463, 1464, 1465, 1466, 1467, 1468], [1470]], 'set_97': [[1531], [1521, 1522, 1523, 1524]], 'set_47': [[2004], [2007, 2008, 2009, 2010, 2011, 2012, 2013, 2014, 2015, 2016, 2017, 2018, 2019, 2020, 2021, 2022, 2023, 2024, 2025, 2026, 2027, 2028, 2029, 2030, 2031, 2032, 2033, 2034, 2035, 2036, 2037, 2038, 2039, 2040, 2041, 2042, 2043, 2044, 2045, 2046, 2047, 2048, 2049]], 'set_49': [[2011, 2012, 2013], [2030]], 'set_12': [[559], [578], [552, 553, 554, 555, 556, 557]], 'set_30': [[1568], [1555, 1556, 1557, 1558, 1559, 1560]], 'set_31': [[1583, 1584], [1601]], 'set_98': [[1804], [1785, 1786, 1787, 1788, 1789, 1790, 1791], [1799]], 'set_96': [[1505, 1506, 1507, 1508], [1510]], 'set_95': [[1500], [1498, 1499]], 'set_93': [[1467, 1468], [1452]], 'set_81': [[1148], [1141]], 'set_14': [[656], [644, 645]], 'set_104': [[1979], [1978]], 'set_36': [[1650], [1638, 1639, 1640], [1720], [1716]], 'set_102': [[1926, 1927, 1928, 1929, 1930, 1931, 1932, 1933, 1934], [1935]], 'set_101': [[1903], [1901, 1902]], 'set_99': [[1827], [1822, 1823, 1824, 1825, 1826]], 'set_35': [[1665], [1671], [1657], [1686]], 'set_109': [[2313], [2303], [2289, 2290, 2291, 2292, 2293, 2294, 2295, 2296, 2297, 2298, 2299, 2300, 2301]], 'set_66': [[394], [321, 322, 323, 324, 325, 326, 327, 328, 329, 330, 331, 332, 333, 334, 335, 336, 337, 338, 339, 340, 341, 342, 343, 344, 345, 346, 347, 348, 349, 350, 351, 352, 353, 354, 355, 356, 357, 358], [380, 381]], 'set_110': [[2446, 2447], [2448]], 'set_1': [[118], [111, 112, 113, 114, 115, 116]], 'set_16': [[685], [677, 678], [691]], 'set_107': [[2180], [2176, 2177, 2178, 2179]], 'set_105': [[2092], [2051, 2052, 2053, 2054, 2055, 2056, 2057, 2058, 2059, 2060, 2061, 2062, 2063, 2064, 2065, 2066, 2067, 2068, 2069, 2070, 2071, 2072, 2073, 2074, 2075, 2076, 2077, 2078, 2079, 2080, 2081, 2082, 2083, 2084, 2085, 2086, 2087, 2088, 2089], [2095]], 'set_106': [[2117], [2115, 2116]], 'set_0': [[12], [10]], 'set_26': [[1212], [1197, 1198, 1199, 1200, 1201, 1202]], 'set_60': [[79], [61, 62, 63, 64, 65, 66, 67, 68, 69, 70, 71, 72, 73]], 'set_9': [[319], [260], [256], [249], [364]], 'set_113': [[1751, 1752, 1753], [1742]], 'set_112': [[2493], [2482, 2483, 2484, 2485, 2486, 2487, 2488, 2489, 2490]], 'set_17': [[709], [702, 703, 704, 705, 706]], 'set_111': [[2486], [2487]], 'set_13': [[592], [587, 588, 589]], 'set_22': [[930], [926, 927]], 'set_77': [[1018], [960, 961, 962, 963, 964, 965, 966, 967, 968, 969, 970, 971, 972, 973, 974, 975, 976, 977, 978, 979, 980, 981, 982, 983, 984, 985, 986, 987, 988, 989, 990, 991, 992, 993, 994, 995, 996, 997, 998, 999, 1000, 1001, 1002, 1003, 1004, 1005, 1006, 1007, 1008, 1009, 1010, 1011, 1012, 1013, 1014]], 'set_84': [[1255], [1227, 1228, 1229, 1230, 1231, 1232, 1233, 1234, 1235, 1236, 1237, 1238, 1239, 1240, 1241, 1242, 1243, 1244, 1245, 1246, 1247, 1248]], 'set_29': [[1287], [1272, 1273, 1274, 1275, 1276, 1277, 1278], [1293], [1305]], 'set_7': [[280], [282], [274]], 'set_55': [[2518], [2527], [2505, 2506, 2507, 2508], [2559]], 'set_19': [[834, 835, 836, 837, 838, 839, 840, 841, 842, 843], [845]], 'set_63': [[252, 253], [267], [258], [197, 198, 199, 200, 201, 202, 203, 204, 205, 206, 207, 208]], 'set_75': [[814], [826], [760, 761, 762, 763, 764, 765, 766, 767, 768, 769, 770, 771, 772, 773, 774, 775, 776, 777, 778, 779, 780, 781, 782, 783, 784, 785, 786, 787, 788, 789, 790, 791, 792, 793, 794, 795, 796, 797, 798, 799, 800, 801, 802, 803, 804, 805, 806, 807, 808, 809, 810, 811, 812, 813]], 'set_40': [[1767, 1768, 1769, 1770, 1771, 1772], [1779]], 'set_41': [[1736, 1737, 1738], [1728, 1729], [1785], [1759], [1748]], 'set_64': [[284, 285], [290, 291]], 'set_65': [[312, 313], [317]], 'set_61': [[232], [214, 215, 216, 217, 218, 219, 220, 221, 222, 223, 224, 225, 226, 227, 228, 229]], 'set_50': [[2125], [2119, 2120]], 'set_2': [[168], [212]], 'set_58': [[44], [22, 23, 24, 25, 26, 27, 28, 29, 30, 31, 32, 33, 34, 35, 36, 37]], 'set_59': [[61, 62], [56, 57, 58]], 'set_70': [[537], [531, 532, 533, 534, 535], [544, 545]], 'set_71': [[647, 648], [649]], 'set_69': [[459, 460, 461], [507, 508], [463, 464, 465, 466, 467, 468, 469, 470, 471, 472, 474, 475, 476, 477, 478, 479, 480, 481]], 'set_67': [[398, 399, 400, 401, 402, 403], [321, 322, 323, 324, 325, 326]], 'set_78': [[866, 867, 868, 869, 870, 871, 872, 873], [1105, 1106]], 'set_74': [[731], [707, 708, 709, 710, 711, 712, 713, 714, 715, 716, 717, 718, 719, 720, 721, 722, 723, 724, 725, 726, 727, 728, 729], [747]], 'set_72': [[712, 713, 714, 715, 716, 717], [729]], 'set_80': [[1144, 1145], [1128, 1129], [1122, 1123]], 'set_85': [[1280], [1281]], 'set_86': [[1310, 1311, 1312], [1313]], 'set_83': [[1153, 1154, 1155, 1156, 1157], [1158], [1166]], 'set_87': [[1299, 1300, 1301, 1302, 1303, 1304, 1305, 1306, 1307, 1308, 1309, 1310, 1311, 1312, 1313, 1314, 1315, 1316, 1317], [1319]], 'set_92': [[1414], [1415]], 'set_91': [[1462], [1461]], 'set_90': [[1426, 1427, 1428, 1429], [1430]]}

 

006_1950_words.xml ===>
{'set_268': [[5218, 5219], [5220]], 'set_262': [[4738, 4739, 4740], [4743]], 'set_263': [[4823, 4824, 4825, 4826, 4827, 4828, 4829, 4830, 4831, 4832, 4833, 4834, 4835], [4856, 4857], [4842]], 'set_264': [[4833, 4834, 4835], [4870, 4871]], 'set_265': [[5004, 5005, 5006, 5007, 5008, 5009], [5035]], 'set_266': [[5169, 5170], [5171]], 'set_267': [[5199, 5200], [5201]], 'set_274': [[5419, 5420, 5421, 5422, 5423, 5424, 5425, 5426, 5427, 5428], [5442]], 'set_276': [[5514], [5493, 5494, 5495]], 'set_196': [[1431], [1424]], 'set_271': [[5273], [5283], [5289], [5268, 5269], [5299]], 'set_149': [[5304], [5276, 5277], [5292]], 'set_272': [[5333, 5334], [5335]], 'set_273': [[5396, 5397, 5398, 5399, 5400, 5401, 5402, 5403, 5404, 5405, 5406, 5407, 5408, 5409, 5410, 5411, 5412, 5413], [5425, 5426, 5427]], 'set_115': [[3905], [3913]], 'empty': [[4658], [4683], [3038], [4038], [4565], [5131], [822], [5388], [4430], [4476], [4504], [2472], [3027], [5893], [5356], [2121], [5691], [3627], [4169], [3778], [3253], [1812], [2930]], 'set_259': [[4667], [4651], [4652]], 'set_313': [[3936], [4015], [3488], [3462], [3476], [4011], [3572], [3562], [1972], [1955], [2006], [2015], [2024], [1018], [1027], [354], [1036], [3188], [990, 991], [2315, 2316], [3241, 3242], [3303, 3304], [5138], [1850], [2094], [2133, 2134], [3621], [2170, 2171], [364], [3223], [3230], [1991], [2199], [2203], [2238], [1865, 1866], [1988, 1989], [2195, 2196], [1898], [1443, 1444], [1902], [3925, 3926], [1878], [1478, 1479], [1481, 1482], [1633, 1634], [1835, 1836], [3185, 3186], [1205, 1206], [1214, 1215], [1295, 1296], [3454, 3455], [1222, 1223]], 'set_247': [[3929, 3930], [3972], [3984], [3919, 3920, 3921, 3922, 3923], [4023, 4024]], 'set_119': [[3969], [3982], [3961, 3962, 3963, 3964, 3965]], 'set_170': [[166], [168], [145, 146]], 'set_102': [[3468, 3469], [3471]], 'set_248': [[4056], [4063], [4047], [4040, 4041, 4042, 4043, 4044, 4045, 4046]], 'set_105': [[3510, 3511, 3512], [3515]], 'set_1': [[51], [34], [47]], 'set_169': [[89], [84, 85, 86, 87]], 'set_81': [[3045], [3034, 3035, 3036]], 'set_20': [[1200], [1196], [1179, 1180]], 'set_290': [[1229], [1208, 1209, 1210, 1211, 1212, 1213, 1214, 1215]], 'set_139': [[4509, 4510], [4521], [4528], [4544], [4609], [4642]], 'set_23': [[1231, 1232], [1277], [1235]], 'set_21': [[1255, 1256], [1274]], 'set_316': [[5109], [5073]], 'set_258': [[4599], [4604], [4569, 4570, 4571, 4572, 4573, 4574, 4575, 4576, 4577, 4578, 4579, 4580, 4581, 4582, 4583, 4584, 4585, 4586, 4587, 4588], [4595]], 'set_294': [[4649], [4618, 4619, 4620]], 'set_167': [[4352], [4335, 4336]], 'set_162': [[5986], [5978]], 'set_131': [[4367], [4412], [4351, 4352, 4353]], 'set_292': [[4385], [4409], [4500], [4348, 4349, 4350, 4351, 4352, 4353, 4354, 4355, 4356, 4357, 4358, 4359, 4360, 4361, 4362], [4363, 4364, 4365, 4366, 4367, 4368, 4369, 4370, 4371, 4372, 4373, 4374, 4375, 4376, 4377, 4378, 4379, 4380, 4381, 4382, 4383]], 'set_286': [[6010], [6018, 6019, 6020, 6021, 6022, 6023, 6024, 6025, 6026]], 'set_143': [[4934, 4935], [4948], [4959]], 'set_132': [[4435, 4436], [4449]], 'set_80': [[2972], [2956, 2957], [2953, 2954], [2960, 2961, 2962], [2939, 2940], [2946, 2947]], 'set_200': [[1492], [1481, 1482, 1483, 1484, 1485, 1486, 1487]], 'set_201': [[1551], [1502, 1503, 1504, 1505, 1506, 1507, 1508, 1509, 1510, 1511, 1512, 1513, 1514, 1515, 1516, 1517, 1518, 1519, 1520, 1521, 1522, 1523, 1524]], 'set_31': [[1537, 1538, 1539, 1540, 1541, 1542, 1543, 1544, 1545], [1556], [1565]], 'set_203': [[1640], [1651], [1661], [1680], [1682], [1619, 1620, 1621, 1622, 1623, 1624, 1625, 1626, 1627, 1628, 1629, 1630, 1631]], 'set_27': [[1399], [1390]], 'set_147': [[5214], [5175, 5176]], 'set_34': [[1671, 1672, 1673, 1674], [1653, 1654, 1655], [1642, 1643, 1644, 1645], [1667, 1668, 1669], [1676], [1663, 1664, 1665]], 'set_156': [[5780, 5781], [5816], [5818]], 'set_66': [[2488, 2489], [2506], [2501]], 'set_37': [[1691], [1697]], 'set_64': [[2470], [2451], [2431, 2432]], 'set_40': [[1758, 1759, 1760, 1761, 1762, 1763, 1764, 1765, 1766, 1767, 1768, 1769, 1770], [1772]], 'set_206': [[1775], [1748, 1749, 1750, 1751, 1752, 1753, 1754]], 'set_195': [[1356], [1210, 1211], [1269, 1270], [1310, 1311], [1417, 1418, 1419, 1420], [1348], [1343, 1344], [1318]], 'set_68': [[2532], [2544]], 'set_49': [[1982], [1977, 1978]], 'set_59': [[2287, 2288], [2300], [2309]], 'set_158': [[5833], [5826], [5807, 5808, 5809, 5810, 5811, 5812, 5813, 5814, 5815, 5816, 5817, 5818, 5819, 5820, 5821, 5822, 5823, 5824]], 'set_288': [[889], [894], [884]], 'set_159': [[5836, 5837, 5838], [5843]], 'set_314': [[900], [886], [961], [979], [966], [870], [1543, 1544], [827, 828, 829], [852], [1054, 1055, 1056], [1439]], 'set_315': [[2706, 2707], [2789, 2790], [2759, 2760], [2881, 2882], [2731], [2818], [2793]], 'set_161': [[5857, 5858], [5862], [5870]], 'set_289': [[955], [938, 939, 940, 941, 942], [944, 945, 946, 947, 948, 949], [951, 952, 953]], 'set_29': [[1505], [1496, 1497]], 'set_72': [[2580], [2561], [2571]], 'set_76': [[2779, 2780], [2785]], 'set_73': [[2593, 2594], [2617]], 'set_84': [[3160], [3173], [3176], [3191], [3167]], 'set_284': [[5901], [5908]], 'set_10': [[1007], [998, 999], [1015], [982, 983], [1022], [986]], 'set_151': [[5366], [5374]], 'set_74': [[2625], [2609, 2610]], 'set_152': [[5385], [5391, 5392, 5393, 5394]], 'set_255': [[4373], [4370, 4371, 4372]], 'set_181': [[530, 531, 532, 533], [535]], 'set_256': [[4487], [4488]], 'set_182': [[623, 624], [627]], 'set_234': [[3292], [3250, 3251], [3283, 3284], [3287]], 'set_257': [[4533, 4534, 4535], [4540]], 'set_202': [[1613], [1600, 1601, 1602, 1603, 1604, 1605, 1606, 1607, 1608, 1609]], 'set_183': [[707, 708, 709, 710, 711, 712, 713, 714, 715, 716], [717]], 'set_100': [[3405], [3397, 3398, 3399, 3400]], 'set_185': [[729, 730], [731]], 'set_106': [[3528], [3521, 3522, 3523, 3524, 3525]], 'set_260': [[4671], [4672]], 'set_184': [[736, 737], [738]], 'set_261': [[4690, 4691], [4740]], 'set_180': [[477], [478]], 'set_54': [[2148], [2139, 2140, 2141, 2142]], 'set_186': [[750, 751, 752, 753, 754, 755, 756, 757, 758, 759, 760, 761, 762, 763], [768]], 'set_187': [[774, 775], [776]], 'set_15': [[1088], [1084, 1085]], 'set_216': [[2189], [2192, 2193, 2194, 2195, 2196, 2197, 2198, 2199, 2200, 2201]], 'set_188': [[916], [904, 905, 906, 907, 908, 909, 910, 911, 912, 913, 914]], 'set_280': [[5631], [5612], [5585, 5586, 5587, 5588, 5589, 5590, 5591, 5592, 5593, 5594, 5595, 5596, 5597, 5598, 5599, 5600, 5601, 5602, 5603, 5604, 5605, 5606, 5607]], 'set_16': [[1095], [1072, 1073, 1074], [1076]], 'set_6': [[936], [920, 921, 922, 923, 924, 925, 926, 927, 928, 929, 930, 931, 932]], 'set_18': [[1079, 1080, 1081], [1101], [1135]], 'set_144': [[4996], [4978, 4979, 4980, 4981, 4982, 4983, 4984]], 'set_191': [[1114], [1115]], 'set_192': [[1138, 1139], [1140]], 'set_193': [[1253, 1254, 1255, 1256], [1260]], 'set_281': [[5688], [5700], [5678, 5679, 5680, 5681, 5682, 5683]], 'set_205': [[1715], [1704, 1705, 1706, 1707, 1708, 1709, 1710, 1711, 1712, 1713]], 'set_39': [[1727], [1735], [1739]], 'set_24': [[1284, 1285, 1286, 1287, 1288], [1305]], 'set_204': [[1487], [1467, 1468, 1469, 1470, 1471, 1472, 1473, 1474, 1475, 1476, 1477, 1478, 1479]], 'set_228': [[2915], [2914]], 'set_110': [[3631], [3614], [3555, 3556, 3557, 3558, 3559, 3560], [3644]], 'set_229': [[2903, 2904, 2905, 2906, 2907, 2908, 2909, 2910, 2911, 2912, 2913, 2914, 2915, 2916, 2917, 2918, 2919, 2920, 2921, 2922, 2923, 2924], [2927]], 'set_141': [[4903], [4883, 4884, 4885, 4886, 4887, 4888, 4889, 4890, 4891, 4892, 4893, 4894, 4895, 4896, 4897, 4898, 4899, 4900]], 'set_231': [[2983, 2984, 2985], [2986], [2995, 2996]], 'set_312': [[3938, 3939], [3949, 3950]], 'set_83': [[3116], [3121], [3153]], 'set_225': [[2723], [2721, 2722]], 'set_226': [[2755], [2733, 2734, 2735, 2736, 2737, 2738, 2739, 2740, 2741, 2742, 2743, 2744, 2745], [2771], [2821], [2859]], 'set_227': [[2752], [2865], [2855, 2856]], 'set_237': [[3438, 3439, 3440], [3441]], 'set_277': [[5529], [5519, 5520, 5521, 5522, 5523, 5524, 5525]], 'set_238': [[3507, 3508, 3509, 3510, 3511, 3512, 3513, 3514, 3515, 3516, 3517, 3518, 3519, 3520, 3521, 3522, 3523, 3524, 3525, 3526, 3527, 3528, 3529], [3531]], 'set_278': [[5548], [5529, 5530, 5531, 5532, 5533, 5534, 5535, 5536, 5537, 5538, 5539, 5540, 5541, 5542, 5543, 5544, 5545]], 'set_240': [[3633, 3634, 3635, 3636, 3637, 3638, 3639], [3642]], 'set_241': [[3696, 3697, 3698, 3699], [3700]], 'set_146': [[5197], [5155, 5156, 5157, 5158, 5159, 5160, 5161, 5162, 5163, 5164, 5165, 5166, 5167, 5168, 5169, 5170, 5171, 5172, 5173, 5174, 5175, 5176, 5177, 5178]], 'set_233': [[3172, 3206], [3258], [3248], [3236], [3295], [3277]], 'set_235': [[3300], [3320], [3299]], 'set_236': [[3295, 3296, 3297, 3298, 3299, 3300, 3301, 3302, 3303, 3304, 3305, 3306, 3307, 3308, 3309, 3310, 3311, 3312, 3313, 3314, 3315, 3316, 3317, 3318, 3319, 3320, 3321, 3322, 3323, 3324, 3325, 3326, 3327, 3328, 3329, 3330, 3331, 3332], [3335]], 'set_82': [[3144], [3129, 3130, 3131, 3132, 3133, 3134, 3135, 3136]], 'set_243': [[3671, 3672, 3673], [3703], [3685]], 'set_252': [[4233], [4242], [4226, 4227]], 'set_114': [[3661, 3662], [3711, 3712], [3727, 3728], [3759, 3760], [3787, 3788], [3743], [3826], [3861]], 'set_171': [[171, 172], [173]], 'set_172': [[208, 209, 210, 211, 212, 213, 214, 215, 216, 217, 218, 219, 220, 221, 222, 223, 224, 225, 226, 227, 228, 229, 230, 231, 232, 233, 234, 235, 236, 237, 238, 239, 240, 241, 242, 243], [245]], 'set_246': [[3764, 3765, 3766, 3767], [3768]], 'set_173': [[251, 252, 253, 254, 255], [261]], 'set_242': [[3642, 3643, 3644, 3645, 3646, 3647, 3648], [3671]], 'set_293': [[6117], [6092, 6093, 6094, 6095, 6096, 6097, 6098, 6099, 6100, 6101, 6102]], 'set_249': [[4120], [4118, 4119]], 'set_176': [[444], [445]], 'set_250': [[4114, 4115, 4116, 4117, 4118, 4119, 4120, 4121, 4122, 4123, 4124, 4125, 4126, 4127, 4128, 4129, 4130, 4131, 4132, 4133, 4134, 4135, 4136, 4137, 4138, 4139, 4140, 4141, 4142, 4143, 4144, 4145, 4146, 4147, 4148, 4149, 4150], [4157]], 'set_224': [[2557], [2547]], 'set_177': [[452], [453]], 'set_251': [[4176], [4179]], 'set_178': [[461], [462]], 'set_253': [[4230, 4231, 4232, 4233, 4234, 4235, 4236, 4237, 4238, 4239, 4240, 4241, 4242, 4243, 4244, 4245, 4246, 4247, 4248, 4249, 4250, 4251, 4252], [4271], [4254]], 'set_179': [[469], [470]], 'set_254': [[4356, 4357, 4358], [4359]], 'set_174': [[368, 369, 370, 371, 372, 373, 374, 375, 376, 377, 378, 379, 380, 381, 382, 383, 384], [393]], 'set_175': [[426], [427]], 'set_282': [[5772, 5773], [5774]], 'set_275': [[5483, 5484, 5485], [5487]], 'set_197': [[1438, 1439, 1440], [1441]], 'set_199': [[1453], [1457], [1463, 1464], [1465]], 'set_279': [[5554, 5555], [5556]], 'set_287': [[6055, 6056, 6057, 6058], [6045, 6046]], 'set_210': [[1925, 1926, 1927, 1928, 1929, 1930, 1931, 1932, 1933], [1939]], 'set_43': [[1822], [1844], [1817, 1818]], 'set_211': [[1991, 1992, 1993, 1994, 1995], [1996]], 'set_283': [[5788, 5789], [5790]], 'set_207': [[1778, 1779, 1780, 1781, 1782], [1783]], 'set_285': [[5973], [5947, 5948, 5949, 5950, 5951, 5952, 5953, 5954, 5955, 5956, 5957, 5958, 5959, 5960, 5961]], 'set_61': [[2319], [2312, 2313], [2325]], 'set_208': [[1856, 1857], [1858]], 'set_209': [[1891, 1892], [1893]], 'set_98': [[3403], [3399, 3400]], 'set_42': [[1842], [1814, 1815]], 'set_62': [[2375], [2377, 2378, 2379, 2380, 2381, 2382, 2383, 2384, 2385, 2386, 2387]], 'set_217': [[2220, 2221], [2227]], 'set_219': [[2257, 2258], [2260], [2293, 2294], [2305, 2306]], 'set_213': [[2059], [2038, 2039, 2040, 2041, 2042, 2043, 2044, 2045, 2046, 2047, 2048, 2049, 2050, 2051, 2052, 2053]], 'set_212': [[2001, 2002], [2009, 2010]], 'set_215': [[2108], [2076, 2077], [2178, 2179]], 'set_220': [[2327], [2295, 2296, 2297, 2298, 2299, 2300, 2301, 2302, 2303, 2304, 2305, 2306]], 'set_223': [[2504], [2427, 2428, 2429, 2430, 2431, 2432]], 'set_222': [[2393, 2394, 2395, 2396, 2397, 2398, 2399, 2400, 2401, 2402, 2403, 2404, 2405, 2406], [2412, 2413, 2414, 2415]], 'set_221': [[2308, 2309, 2310, 2311, 2312, 2313, 2314, 2315, 2316, 2317, 2318, 2319, 2320, 2321, 2322, 2323, 2324, 2325, 2326, 2327], [2331]]}

 

007_1953_words.xml ===>
{'set_99': [[3736], [3742], [3725, 3726, 3727, 3728, 3729, 3730, 3731, 3732, 3733]], 'set_131': [[4558], [4560], [4564], [4572], [4591], [4597], [4604]], 'set_184': [[3818], [3802, 3803, 3804, 3805, 3806, 3807]], 'set_101': [[3793, 3794], [3804]], 'set_100': [[3800], [3791]], 'set_138': [[160], [147, 148, 149, 150, 151, 152, 153, 154]], 'set_2': [[153], [149]], 'set_103': [[3859], [3856]], 'set_177': [[3343], [3338, 3339], [3359], [3333]], 'set_104': [[3896], [3884, 3885, 3886]], 'set_105': [[3898], [3890]], 'set_178': [[3397, 3398], [3405], [3386, 3387]], 'set_1': [[54], [11], [5]], 'set_106': [[3938], [3945]], 'set_79': [[2911], [2917]], 'empty': [[3424], [3408], [2725], [808], [4433], [1088], [1155], [4311], [2721], [1907], [4616], [1884], [1010], [1937], [4624], [1922], [2016], [3809], [1130], [1136], [1118], [1582], [1138], [1189], [3492], [3499], [3479], [2523], [4081], [3017], [3060], [3124], [1700], [2252], [3220], [3281], [2763], [1793]], 'set_28': [[747], [752], [758], [771], [813], [816], [735, 736]], 'set_175': [[3090], [3044, 3045, 3046, 3047, 3048, 3049, 3050, 3051, 3052, 3053, 3054, 3055, 3056, 3057, 3058, 3059, 3060, 3061, 3062, 3063, 3064, 3065, 3066, 3067, 3068, 3069, 3070, 3071, 3072, 3073, 3074, 3075, 3076, 3077, 3078, 3079, 3080, 3081, 3082, 3083, 3084, 3085]], 'set_155': [[1242], [1238, 1239, 1240]], 'set_89': [[3121], [3143], [3274], [3113, 3114], [3159]], 'set_37': [[1249], [1253]], 'set_88': [[3225], [3200, 3201, 3202, 3203]], 'set_176': [[3321], [3308, 3309, 3310, 3311, 3312, 3313, 3314, 3315, 3316, 3317, 3318]], 'set_93': [[3567], [3543, 3544, 3545, 3546, 3547, 3548, 3549]], 'set_148': [[793], [738, 739, 740, 741, 742, 743, 744, 745, 746, 747, 748, 749, 750, 751, 752, 753, 754, 755, 756, 757, 758, 759, 760, 761, 762, 763, 764, 765, 766, 767, 768, 769]], 'set_38': [[1296], [1289, 1290, 1291, 1292]], 'set_118': [[4395], [4425, 4426], [4437], [4388, 4389, 4390]], 'set_39': [[1307, 1308], [1310]], 'set_29': [[833], [825, 826]], 'set_119': [[4410], [4418]], 'set_123': [[4439, 4440], [4473], [4456], [4462, 4463], [4487]], 'set_197': [[4504], [4345, 4346, 4347, 4348, 4356, 4357, 4358, 4359, 4360, 4361, 4362, 4363, 4364, 4365, 4366, 4367, 4368, 4369, 4370, 4371], [4499]], 'set_173': [[2931, 2932], [2913, 2914, 2915, 2916, 2917, 2918, 2919, 2920, 2921, 2922]], 'set_3': [[181, 182, 183, 184], [187]], 'set_174': [[2950], [2941, 2942, 2943], [2953], [3000]], 'set_139': [[199], [179, 180, 181, 182, 183, 184, 185, 186, 187, 188, 189, 190, 191]], 'set_140': [[215], [198, 199, 200, 201, 202, 203, 204, 205, 206]], 'set_115': [[4186, 4187], [4193]], 'set_141': [[270], [247, 248, 249, 250, 251, 252, 253, 254, 255, 256, 257], [335], [327], [298], [288], [281], [304]], 'set_11': [[348, 349], [357], [366]], 'set_14': [[468, 469], [478]], 'set_15': [[531, 532, 533, 534, 535, 536, 537, 538], [540]], 'set_204': [[3513, 3514, 3515, 3516, 3517, 3518, 3519, 3520, 3521, 3522, 3523, 3524, 3525, 3526, 3527, 3528, 3529, 3530, 3531, 3532, 3533, 3534, 3535, 3536, 3537, 3538, 3539, 3540, 3541, 3542, 3543, 3544, 3545, 3546, 3547, 3548, 3549], [3511]], 'set_142': [[562], [564], [537, 538], [546]], 'set_179': [[3588, 3589, 3590, 3591, 3592, 3593, 3594, 3595, 3596, 3597, 3598, 3599, 3600], [3611], [3620]], 'set_180': [[3624], [3625]], 'set_143': [[588, 589], [599], [593]], 'set_201': [[603], [593, 594, 595, 596, 597, 598, 599]], 'set_181': [[3639, 3640, 3641, 3642, 3643, 3644, 3645, 3646, 3647, 3648, 3649, 3650, 3651, 3652, 3653], [3656]], 'set_144': [[626], [621, 622, 623, 624]], 'set_182': [[3663, 3664], [3665]], 'set_145': [[687], [678, 679, 680]], 'set_22': [[696, 697, 698, 699, 700, 701, 702, 703, 704, 705, 706, 707, 708, 709, 710, 711], [719], [721]], 'set_183': [[3764], [3769]], 'set_149': [[871], [874], [843, 844, 845, 846]], 'set_185': [[3850, 3851], [3852]], 'set_151': [[921], [932], [889, 890, 891, 892, 893, 894, 895, 896, 897, 898, 899]], 'set_208': [[4242], [4230, 4231, 4232, 4233, 4234, 4235, 4236, 4237]], 'set_113': [[4065, 4066], [4096], [4073]], 'set_186': [[3863, 3864], [3865]], 'set_154': [[1064], [1057, 1058, 1059, 1060]], 'set_116': [[4247], [4254]], 'set_187': [[3911], [3914]], 'set_35': [[1155, 1156], [1165]], 'set_188': [[3961, 3962, 3963, 3964], [3975]], 'set_189': [[3983, 3984, 3985, 3986], [3987]], 'set_156': [[1549], [1556], [1538, 1539, 1540, 1541]], 'set_190': [[4041, 4042, 4043, 4044, 4045, 4046, 4047, 4048, 4049, 4050, 4051, 4052, 4053, 4054, 4055, 4056, 4057, 4058, 4059, 4060, 4061, 4062, 4063, 4064, 4065, 4066, 4067, 4068, 4069, 4070, 4071, 4072, 4073, 4074, 4075, 4076, 4077], [4036]], 'set_192': [[4098, 4099, 4100, 4101, 4102, 4103, 4104, 4105, 4106], [4108], [4121]], 'set_206': [[4110, 4111, 4112], [4115]], 'set_48': [[1601, 1602], [1259, 1260], [1611]], 'set_193': [[4146, 4147, 4148, 4149, 4150, 4151], [4152]], 'set_53': [[1738, 1739, 1740], [1782], [1749]], 'set_160': [[1987], [1964, 1965, 1966, 1967]], 'set_161': [[1991], [1978, 1979, 1980, 1981, 1982, 1983, 1984, 1985, 1986, 1987, 1988]], 'set_63': [[2150], [2139, 2140, 2141]], 'set_64': [[2160, 2161, 2162, 2163, 2164, 2165, 2166], [2175]], 'set_163': [[2379], [2412], [2340, 2341, 2342]], 'set_167': [[2516], [2506, 2507, 2508, 2509, 2510, 2511, 2512, 2513], [2541]], 'set_169': [[2595], [2566, 2567, 2568, 2569, 2570, 2571, 2572, 2573, 2574, 2575, 2576]], 'set_74': [[2660], [2676], [2652, 2653]], 'set_171': [[2690], [2600, 2601, 2602, 2603, 2604, 2605, 2606, 2607, 2608, 2609, 2610, 2611, 2612], [2617]], 'set_78': [[2782, 2783, 2784], [2800]], 'set_137': [[123], [121, 122]], 'set_56': [[1869, 1870], [1881]], 'set_43': [[1394], [1379, 1380], [1387], [1409], [1412]], 'set_164': [[2336], [2313, 2314, 2315, 2316]], 'set_158': [[1854], [1795, 1796], [1813, 1814]], 'set_77': [[2790], [2780]], 'set_66': [[2318], [2290, 2291]], 'set_147': [[696, 697, 698], [765, 766], [778, 779], [729]], 'set_136': [[15, 16, 17, 18, 19, 20, 21, 22, 23, 24, 25, 26, 27, 28, 29, 30, 31, 32, 33, 34], [43]], 'set_54': [[1841], [1838]], 'set_57': [[1914], [1905]], 'set_32': [[957], [968], [975]], 'set_152': [[992, 993], [1030]], 'set_153': [[1057, 1058, 1059, 1060, 1061, 1062, 1063, 1064], [1047]], 'set_157': [[1661, 1662, 1663, 1664, 1665], [1668], [1675], [1682]], 'set_58': [[1930], [1926, 1927]], 'set_51': [[1696], [1686]], 'set_159': [[1920, 1921, 1922, 1923, 1924, 1925, 1926, 1927, 1928, 1929, 1930, 1931], [1950]], 'set_162': [[2077, 2078], [2041, 2042], [2052], [2063]], 'set_44': [[1489, 1490], [1505]], 'set_165': [[2449, 2450], [2451]], 'set_67': [[2423], [2419, 2420, 2421]], 'set_59': [[1966, 1967], [1969]], 'set_166': [[2433, 2434, 2435, 2436, 2437, 2438, 2439, 2440, 2441, 2442, 2443, 2444, 2445, 2446, 2447, 2448, 2449, 2450, 2451, 2452, 2453, 2454], [2475], [2456]], 'set_168': [[2557, 2558], [2559]], 'set_172': [[2767, 2768, 2769, 2770, 2771, 2772, 2773, 2774, 2775, 2776], [2821]], 'set_50': [[1651], [1659]], 'set_33': [[1095], [1088, 1089]], 'set_46': [[1562], [1567]], 'set_203': [[1688, 1689, 1690, 1691, 1692, 1693, 1694, 1695, 1696, 1697], [1747]], 'set_205': [[4055], [4063], [4048, 4049]], 'set_198': [[4518], [4519]], 'set_199': [[4516, 4517, 4518, 4519, 4520, 4521, 4522, 4523, 4524, 4525], [4528], [4541]], 'set_200': [[4583, 4584, 4585, 4586, 4587, 4588, 4589, 4590, 4591, 4592], [4593]], 'set_47': [[1577], [1587]], 'set_94': [[3559, 3560, 3561, 3562, 3563, 3564], [3570]], 'set_20': [[647], [643, 644], [651], [660]], 'set_95': [[3589, 3590, 3591, 3592, 3593], [3599]], 'set_207': [[4196, 4197, 4198, 4199, 4200, 4201, 4202, 4203, 4204, 4205, 4206, 4207, 4208, 4209, 4210, 4211, 4212, 4213, 4214, 4215], [4228]], 'set_34': [[1141], [1147]], 'set_109': [[3983, 3984, 3985, 3986, 3987, 3988, 3989, 3990, 3991, 3992, 3993, 3994, 3995, 3996], [3998]], 'set_49': [[1638], [1634]], 'set_117': [[4334], [4324]], 'set_135': [[1338, 1339, 1340, 1341], [1351]], 'set_196': [[4490], [4485, 4486, 4487]], 'set_108': [[3988], [3980]], 'set_68': [[2481, 2482, 2483], [2487]], 'set_80': [[2943], [2934, 2935, 2936]], 'set_107': [[3966], [3961]], 'set_69': [[2500], [2497, 2498]], 'set_85': [[3053], [3049, 3050], [3073], [3057]], 'set_82': [[3035], [3021, 3022]], 'set_4': [[234], [232]], 'set_62': [[2129, 2130], [2137]], 'set_194': [[4199, 4200], [4201]], 'set_195': [[4307, 4308, 4309], [4312]], 'set_72': [[2571], [2567]], 'set_97': [[3691, 3692], [3704]], 'set_65': [[2199], [2187, 2188, 2189]], 'set_13': [[417], [435]], 'set_12': [[392], [387, 388]]}

 

009_2043_words.xml ===>
{'set_24': [[1012], [986, 987]], 'set_61': [[2102], [2071], [2065, 2066], [2084]], 'set_69': [[2349], [2337, 2338], [2345]], 'set_35': [[1509], [1504, 1505, 1506]], 'set_108': [[144], [118, 119], [129], [137], [120]], 'set_80': [[2591], [2588, 2589]], 'set_5': [[162, 163], [168]], 'empty': [[107], [1094], [2272], [2787], [3184], [860], [1973], [433], [918], [980], [480], [1043], [520], [1036], [1085], [582], [1181], [1158], [3073], [2030], [339], [2619], [275], [3230], [271], [3431], [2585], [2118], [637], [2123], [3190], [3153], [2624], [2189], [2672], [2226], [2726], [2322], [1296], [3325]], 'set_22': [[809, 810, 811, 812], [852], [880]], 'set_21': [[877], [868], [865, 866]], 'set_10': [[623, 624], [628]], 'set_118': [[775], [746]], 'set_7': [[238, 239, 240, 241, 242, 243, 244, 245, 246], [262], [249]], 'set_1': [[67], [51, 52]], 'set_44': [[1762, 1763, 1764, 1765], [1770]], 'set_120': [[1652, 1653, 1654, 1655, 1656, 1657, 1658, 1659, 1660, 1661, 1662, 1663, 1664], [1668], [1678], [1675]], 'set_148': [[1942], [1834, 1835, 1836, 1837, 1838, 1839, 1840, 1841, 1842, 1843, 1844, 1845, 1846, 1847, 1848, 1849, 1850, 1851, 1852, 1853, 1854, 1855, 1856, 1857, 1858, 1859, 1860, 1861, 1862, 1863, 1864]], 'set_122': [[1816], [1804, 1805, 1806, 1807, 1808, 1809, 1810, 1811]], 'set_92': [[3042], [3026, 3027]], 'set_41': [[1648], [1644], [1641, 1642]], 'set_137': [[3015], [2945, 2946, 2947, 2948, 2949, 2950, 2951], [2977]], 'set_25': [[1005, 1006, 1007, 1008, 1009, 1010, 1011, 1012, 1013], [1015]], 'set_90': [[3009], [3000, 3001]], 'set_39': [[1574, 1575], [1593], [1597], [1603], [1630]], 'set_146': [[1525], [1530]], 'set_27': [[1235], [1245], [1249], [1228, 1229, 1230, 1231, 1232]], 'set_12': [[705, 706, 707], [711]], 'set_18': [[700, 701], [709], [714], [726], [743], [754], [748], [733]], 'set_0': [[35, 36, 37], [39]], 'set_127': [[2244], [2239, 2240, 2241, 2242], [2255]], 'set_128': [[2284, 2285, 2286, 2287, 2288, 2289, 2290, 2291, 2292, 2293, 2294, 2295, 2296, 2297, 2298, 2299, 2300], [2302]], 'set_129': [[2320, 2321, 2322], [2328], [2332]], 'set_130': [[2463, 2464], [2477]], 'set_131': [[2585, 2586, 2587, 2588, 2589, 2590, 2591, 2592, 2593], [2595], [2604]], 'set_132': [[2630, 2631], [2634, 2635]], 'set_126': [[1559], [1556, 1557]], 'set_133': [[2646, 2647], [2721]], 'set_134': [[2744], [2735, 2736, 2737, 2738, 2739]], 'set_93': [[3047, 3048, 3049], [3104]], 'set_138': [[3094, 3095, 3096, 3097, 3098, 3099, 3100, 3101, 3102, 3103, 3104], [3110]], 'set_141': [[3246, 3247, 3248], [3379], [3276], [3397]], 'set_142': [[161, 162, 163, 164, 165, 166, 167, 168, 169, 170, 171], [174]], 'set_143': [[380, 381, 382, 383, 384, 385, 386], [402]], 'set_145': [[1420, 1421, 1422, 1423, 1424, 1425, 1426, 1427, 1428, 1429, 1430, 1431, 1432, 1433, 1434, 1435, 1436, 1437, 1438, 1439, 1440, 1441, 1442, 1443, 1444, 1445, 1446, 1447, 1448, 1449, 1450, 1451, 1452], [1461]], 'set_149': [[2912], [2947]], 'set_103': [[3294], [3284], [3248], [3316], [3318], [3303], [3306], [3290], [3287, 3288]], 'set_74': [[2396, 2397, 2398], [2442], [2452]], 'set_89': [[2937], [2951], [2922, 2923, 2924, 2925, 2926]], 'set_31': [[1376], [1330], [1326], [1322, 1323]], 'set_70': [[2417], [2413, 2414]], 'set_51': [[1894], [1878, 1879]], 'set_53': [[1949], [1946], [1953]], 'set_34': [[1431], [1429], [1452], [1313], [1309, 1310]], 'set_23': [[896], [907]], 'set_54': [[1970], [1966, 1967]], 'set_57': [[1993, 1994, 1995], [1997]], 'set_77': [[2517], [2512], [2502, 2503, 2504, 2505]], 'set_56': [[1992], [1973, 1974]], 'set_55': [[1990], [1986]], 'set_123': [[1845, 1846], [1869], [1861, 1862]], 'set_58': [[2032, 2033, 2034], [2040]], 'set_79': [[2558], [2546, 2547, 2548, 2549], [2569]], 'set_124': [[1395, 1396, 1397], [1400, 1401, 1402]], 'set_125': [[1412, 1413], [1298, 1299, 1300, 1301]], 'set_144': [[969], [1025]], 'set_9': [[524], [531]], 'set_8': [[510], [499, 500]], 'set_114': [[601], [608], [593], [584, 585, 586, 587, 588, 589, 590, 591]], 'set_65': [[2203, 2204], [2233], [2212]], 'set_49': [[1864], [1867]], 'set_62': [[2130, 2131, 2132, 2133, 2134], [2139]], 'set_109': [[319, 320, 321, 322, 323, 324, 325, 326, 327, 328, 329], [330]], 'set_110': [[473], [471, 472]], 'set_107': [[12], [8, 9, 10]], 'set_115': [[992], [989, 990, 991]], 'set_112': [[574, 575], [576]], 'set_111': [[529], [526, 527], [549, 550], [535, 536]], 'set_84': [[2687], [2663]], 'set_119': [[1362, 1363], [1333, 1334]], 'set_121': [[1690], [1688, 1689]], 'set_117': [[360, 361], [341, 342, 343, 344, 345, 346, 347, 348, 349]], 'set_86': [[2683], [2669, 2670], [2700], [2712]], 'set_116': [[1217], [1213, 1214, 1215, 1216]], 'set_45': [[1784, 1785, 1786, 1797, 1798], [1789], [1809], [1806]], 'set_135': [[2778], [2766]], 'set_147': [[1832, 1833], [1858], [1836, 1837], [1850]], 'set_46': [[1829, 1830], [1843]], 'set_87': [[2882], [2855, 2856]]}

 

010_205_words.xml ===>
{'set_208': [[3456], [3448, 3449, 3450, 3451, 3452, 3453]], 'set_125': [[3470], [3467]], 'set_117': [[3161, 3162], [3173], [3177], [3192]], 'set_139': [[3874, 3875], [3882]], 'set_128': [[3512, 3513], [3514], [3519], [3528]], 'empty': [[3525], [2691], [3672], [90], [1135], [1093], [163], [2426], [2843], [2028], [2670], [1253], [802], [2973], [4123], [4130], [3744], [1354], [977], [1419], [985], [1012], [1021], [2762], [2745], [2752], [3282], [2314], [2327], [3305], [3303], [3301], [2835], [2367], [1964], [2384], [1996], [3389], [2036]], 'set_0': [[142], [119, 120, 121, 122, 123]], 'set_163': [[150], [135, 136, 137, 138, 139]], 'set_209': [[3536], [3512, 3513, 3514, 3515, 3516, 3517, 3518, 3519, 3520, 3521, 3522, 3523, 3524, 3525, 3526, 3527, 3528, 3529, 3530, 3531, 3532, 3533, 3534]], 'set_113': [[3107], [3112], [3100], [3081, 3082, 3083]], 'set_193': [[3571], [3562, 3563, 3564, 3565, 3566, 3567, 3568]], 'set_161': [[106], [108, 109, 110, 111, 112, 113]], 'set_206': [[3125], [3129, 3130, 3131, 3132, 3133, 3134, 3135, 3136, 3137, 3138, 3139, 3140, 3141, 3142, 3143, 3144, 3145, 3146, 3147, 3148, 3149, 3150, 3151, 3152, 3153, 3154, 3155, 3156, 3157, 3158, 3159, 3160, 3161, 3162, 3163, 3164, 3165, 3166, 3167, 3168, 3169, 3170, 3171, 3172, 3173, 3174, 3175, 3176, 3177, 3178, 3179, 3180, 3181, 3182, 3183, 3184, 3185, 3186, 3187, 3188, 3189, 3190, 3191, 3192, 3193, 3194, 3195, 3196, 3197, 3198, 3199, 3200, 3201, 3202, 3203, 3204, 3205, 3206, 3207, 3208, 3209, 3210, 3211, 3212, 3213, 3214, 3215]], 'set_130': [[3704, 3705], [3707]], 'set_118': [[3210], [3195]], 'set_105': [[2713, 2714], [2721], [2728], [2732], [2736]], 'set_101': [[2705], [2709]], 'set_200': [[64], [53, 54, 55, 56, 57, 58]], 'set_40': [[615], [623], [640], [692], [681], [708], [865], [592, 593]], 'set_210': [[4158], [4006], [4012], [3854, 3855], [3861]], 'set_201': [[721, 722, 723, 724, 725], [755], [732]], 'set_158': [[4162], [4165], [4170], [4143], [4136]], 'set_203': [[1675], [1668], [1662]], 'set_37': [[822], [765, 766], [772], [808], [780], [787]], 'set_204': [[2448, 2449, 2450, 2451, 2452, 2453], [2472]], 'set_205': [[3079, 3080, 3081, 3082, 3083], [3109]], 'set_207': [[3218, 3219, 3220, 3221, 3222, 3223, 3224, 3225, 3226, 3227, 3228, 3229, 3230, 3231, 3232, 3233, 3234, 3235, 3236, 3237, 3238, 3239, 3240], [3245]], 'set_84': [[2184], [2121, 2122, 2123], [2127], [2170]], 'set_97': [[2553], [2547, 2548]], 'set_171': [[1121], [1130], [1106], [1111], [1132], [1139], [1066, 1067, 1068, 1069], [1157], [1164]], 'set_100': [[2597], [2578, 2579, 2580, 2581, 2582, 2583, 2584, 2585, 2586], [2588]], 'set_138': [[3813], [3821], [3802, 3803], [3824], [3832], [3808]], 'set_31': [[690], [696], [681, 682, 683, 684]], 'set_17': [[240, 241], [295], [306], [275], [267], [281], [251], [256], [382], [328], [322]], 'set_196': [[4030, 4031, 4032, 4033, 4034], [4034]], 'set_197': [[4085], [4076], [4080], [4065]], 'set_13': [[312, 313, 314, 315, 316, 317, 318, 319], [331], [325]], 'set_89': [[2143, 2144], [2146], [2205]], 'set_169': [[724, 725], [795]], 'set_172': [[1403, 1404, 1405, 1406, 1407, 1408, 1409, 1410, 1411, 1412], [1387]], 'set_173': [[1466, 1467], [1471]], 'set_174': [[1564, 1565, 1566, 1567, 1568, 1569, 1570, 1571, 1572, 1573, 1574, 1575, 1576, 1577, 1578], [1586]], 'set_175': [[1639, 1640], [1641]], 'set_211': [[3991], [3802, 3803, 3804, 3805, 3806, 3807, 3808, 3809, 3810, 3811, 3812, 3813, 3814, 3815, 3816, 3817, 3818, 3819, 3820, 3821, 3822, 3823, 3824, 3825, 3826, 3827, 3828, 3829, 3830, 3831, 3832]], 'set_176': [[1752], [1766], [1771]], 'set_145': [[3964], [3944], [3950], [3956]], 'set_179': [[1793, 1794], [1840], [1830], [1821]], 'set_177': [[1791, 1792, 1793, 1794], [1799]], 'set_180': [[1932, 1933, 1934, 1935, 1936, 1937, 1938, 1939, 1940], [1941]], 'set_181': [[2097, 2098], [2101]], 'set_183': [[2109, 2110, 2111, 2112, 2113], [2234], [2236], [2224]], 'set_90': [[2268, 2269, 2270, 2271], [2277], [2285]], 'set_185': [[2354, 2355], [2401]], 'set_186': [[2637, 2638], [2639]], 'set_187': [[3271, 3272, 3273], [3274]], 'set_148': [[4058], [4047, 4048]], 'set_188': [[3284, 3285], [3295]], 'set_189': [[3329], [3330]], 'set_190': [[3333, 3334, 3335], [3336]], 'set_191': [[3380], [3371, 3372, 3373, 3374]], 'set_152': [[4085, 4086], [4090], [4103]], 'set_194': [[3621], [3625]], 'set_195': [[3637, 3638], [3639]], 'set_198': [[4207], [4208]], 'set_2': [[243], [237, 238]], 'set_71': [[1685], [1711], [1723]], 'set_47': [[1230], [1236], [1199], [1180, 1181, 1182, 1183, 1184, 1185, 1186, 1187, 1188]], 'set_92': [[2296, 2297, 2298, 2299, 2300, 2301], [2318], [2306]], 'set_106': [[2764, 2765, 2766, 2767, 2768, 2769, 2770, 2771, 2772, 2773, 2774, 2775, 2776, 2777, 2778], [2782]], 'set_109': [[2863, 2864, 2865, 2866, 2867, 2868, 2869, 2870], [2875]], 'set_75': [[1909, 1910, 1911, 1912, 1913], [1919]], 'set_83': [[2119], [2116, 2117]], 'set_86': [[2162], [2153, 2154, 2155]], 'set_120': [[3228, 3229, 3230, 3231, 3232], [3236]], 'set_87': [[2182], [2178, 2179, 2180]], 'set_121': [[3313], [3312]], 'set_53': [[1271], [1258, 1259], [1323], [1291], [1283], [1281], [1332], [1328]], 'set_123': [[3312, 3313, 3314, 3315, 3316, 3317, 3318], [3337], [3326], [3412]], 'set_124': [[3391, 3392, 3393, 3394, 3395, 3396, 3397, 3398, 3399], [3419]], 'set_131': [[3759, 3760, 3761, 3762, 3763, 3764, 3765], [3777]], 'set_133': [[3783, 3784, 3785], [3789], [3793]], 'set_38': [[848], [833, 834]], 'set_142': [[3914, 3915, 3916, 3917, 3918, 3919], [3906]], 'set_18': [[409], [393, 394]], 'set_160': [[57, 58], [79, 80]], 'set_165': [[180, 181, 182, 183, 184], [186]], 'set_44': [[902, 903, 904, 905], [907]], 'set_166': [[196, 197, 198], [199]], 'set_42': [[900], [895, 896, 897, 898]], 'set_167': [[192, 193, 194, 195, 196, 197, 198, 199, 200, 201], [209]], 'set_168': [[334, 335, 336, 337], [353]], 'set_21': [[479, 480, 481], [496], [488], [514, 515], [523]], 'set_74': [[1874, 1875], [1884]], 'set_45': [[948], [943, 944, 945], [952]], 'set_23': [[533], [541], [526]], 'set_25': [[569], [556], [564]], 'set_61': [[1497, 1498, 1499, 1500, 1501], [1528]], 'set_64': [[1507], [1504], [1484, 1485], [1513], [1510], [1519], [1516], [1554]], 'set_108': [[2795, 2796], [2808], [2822]], 'set_184': [[2373], [2379], [2360], [2351], [2389]], 'set_94': [[2403, 2404, 2405, 2406], [2412], [2418]], 'set_110': [[2895], [2879]], 'set_141': [[3885, 3886], [3896], [3889]], 'set_159': [[1978], [1969, 1970], [1974]], 'set_96': [[2503, 2504], [2522], [2508]], 'set_80': [[2064, 2065, 2066], [2072], [2078]], 'set_98': [[2557, 2558], [2575]], 'set_66': [[1615], [1598, 1599], [1621]], 'set_16': [[366, 367], [379], [375], [371]], 'set_112': [[3048], [3040, 3041]], 'set_82': [[2097, 2098], [2089], [2080, 2081, 2082]]}

 

011_2053_words.xml ===>
{'set_38': [[959, 960], [965]], 'set_91': [[2615], [2622], [2627]], 'set_82': [[2078, 2079], [2096], [2104]], 'set_50': [[1329, 1330], [1335], [1361], [1344]], 'set_89': [[2587, 2588, 2589, 2590, 2591, 2592, 2593, 2594, 2595, 2596, 2597, 2598, 2599], [2608]], 'set_116': [[1498], [1467, 1468, 1469, 1470, 1471, 1472, 1473, 1474, 1475, 1476, 1477, 1478, 1479, 1480, 1481, 1482, 1483, 1484, 1485, 1486, 1487, 1488, 1489, 1490, 1491, 1492, 1493, 1494, 1495, 1496, 1497]], 'set_80': [[2054, 2055], [2062]], 'set_79': [[2048], [2038, 2039, 2040]], 'set_57': [[1487], [1470, 1471], [1478], [1482]], 'set_58': [[1489, 1490, 1491], [1495]], 'set_61': [[1567], [1548, 1549, 1550], [1582]], 'set_39': [[998, 999], [1000]], 'set_19': [[542], [555], [565], [562], [539, 540]], 'set_92': [[2699], [2693, 2694]], 'set_62': [[1595, 1596, 1597], [1604]], 'set_93': [[2709], [2704, 2705, 2706]], 'empty': [[2730], [593], [1212], [639], [1298], [1357], [2769], [432], [2834], [296], [2456], [2436], [2502], [2460], [1480], [299], [429]], 'set_41': [[1126], [1119]], 'set_20': [[567, 568], [575]], 'set_102': [[2762], [2778], [2774], [2726, 2727], [2842], [2780], [2784]], 'set_64': [[1670], [1664], [1657, 1658, 1659, 1660, 1661, 1662]], 'set_43': [[1145], [1150], [1137]], 'set_65': [[1684], [1677, 1678]], 'set_83': [[2207, 2208, 2209], [2225]], 'set_44': [[1139, 1140], [1153]], 'set_22': [[600], [595], [588, 589]], 'set_66': [[1694], [1688]], 'set_46': [[1203, 1204], [1207]], 'set_24': [[619], [649], [612, 613]], 'set_69': [[1710], [1723], [1729], [1716]], 'set_2': [[201], [194, 195, 196, 197, 198]], 'set_118': [[1734], [1701, 1702, 1703, 1704, 1705, 1706, 1707, 1708, 1709, 1710, 1711, 1712, 1713, 1714, 1715, 1716, 1717, 1718, 1719, 1720, 1721, 1722, 1723, 1724, 1725, 1726, 1727, 1728, 1729, 1730, 1731, 1732]], 'set_47': [[1216], [1221]], 'set_107': [[642], [621, 622, 623, 624, 625, 626, 627, 628, 629, 630, 631, 632, 633, 634, 635, 636]], 'set_73': [[1766], [1754], [1761], [1744, 1745]], 'set_26': [[682], [676, 677, 678, 679]], 'set_71': [[1751, 1752], [1758]], 'set_27': [[673], [684], [666, 667]], 'set_111': [[972], [924, 925, 926, 927, 928, 929, 930, 931, 932, 933, 934, 935, 936, 937, 938, 939, 940, 941, 942, 943, 944, 945, 946, 947, 948, 949, 950, 951, 952, 953, 954, 955, 956, 957, 958, 959, 960, 961, 962, 963, 964, 965, 966, 967, 968, 969, 970]], 'set_34': [[735, 736, 737], [739], [751, 752, 753, 754]], 'set_30': [[690, 691], [700]], 'set_37': [[903, 904, 905, 906], [912]], 'set_114': [[1224], [1215, 1216, 1217, 1218, 1219, 1220, 1221]], 'set_45': [[1161, 1162], [1164]], 'set_119': [[1791], [1780, 1781]], 'set_125': [[2272], [2259], [2250, 2251, 2252, 2253, 2254]], 'set_75': [[1915, 1916, 1917, 1918, 1919], [1932]], 'set_76': [[2004, 2005, 2006, 2007, 2008, 2009, 2010, 2011], [2019]], 'set_117': [[1635], [1595, 1596, 1597, 1598, 1599, 1600, 1601, 1602, 1603, 1604, 1605, 1606, 1607, 1608, 1609, 1610, 1611, 1612, 1613, 1614, 1615, 1616, 1617, 1618, 1619, 1620, 1621, 1622, 1623, 1624, 1625, 1626, 1627, 1628, 1629, 1630, 1631, 1632, 1633, 1634]], 'set_59': [[1524, 1525], [1531]], 'set_124': [[2113], [2104, 2105, 2106, 2107, 2108, 2109, 2110, 2111]], 'set_74': [[1830], [1819, 1820, 1821]], 'set_134': [[2741], [2729, 2730, 2731, 2732, 2733, 2734, 2735, 2736]], 'set_103': [[137, 138], [128, 129, 130, 131, 132, 133, 134, 135, 136]], 'set_87': [[2509, 2510, 2511, 2512, 2513], [2518]], 'set_128': [[2371], [2364, 2365, 2366]], 'set_132': [[2660], [2622, 2623, 2624, 2625, 2626, 2627, 2628, 2629, 2630, 2631, 2632, 2633, 2634, 2635, 2636, 2637, 2638, 2639, 2640, 2641, 2642, 2643, 2644, 2645, 2646, 2647, 2648, 2649, 2650, 2651, 2652, 2653, 2654, 2655, 2656, 2657, 2658]], 'set_131': [[2545], [2518, 2519, 2520, 2521, 2522, 2523, 2524, 2525, 2526, 2527, 2528, 2529, 2530, 2531, 2532, 2533, 2534, 2535, 2536, 2537, 2538, 2539, 2540, 2541, 2542]], 'set_85': [[2303], [2315], [2296, 2297, 2298, 2299, 2300]], 'set_126': [[2279], [2256, 2257, 2258, 2259, 2260, 2261, 2262, 2263, 2264, 2265, 2266, 2267, 2268, 2269, 2270, 2271, 2272, 2273, 2274, 2275, 2276, 2277]], 'set_127': [[2366], [2354, 2355, 2356, 2357, 2358, 2359, 2360]], 'set_109': [[926, 927], [908, 909, 910, 911, 912, 913, 914, 915]], 'set_110': [[929, 930, 931], [946, 947], [935, 936]], 'set_51': [[1369], [1392]], 'set_106': [[495, 496, 497, 498, 499, 500, 501, 502, 503, 504, 505], [507]], 'set_104': [[331], [323, 324]], 'set_13': [[396], [377, 378]], 'set_105': [[408], [401, 402, 403, 404, 405, 406], [431]], 'set_53': [[1397, 1398, 1399, 1400], [1420]], 'set_52': [[1407, 1408], [1417]], 'set_113': [[1130], [1112, 1113, 1114, 1115, 1116, 1117, 1118, 1119, 1120, 1121, 1122, 1123, 1124, 1125, 1126, 1127, 1128, 1129]], 'set_11': [[328], [335], [319, 320, 321]], 'set_112': [[1059, 1060, 1061, 1062], [1044, 1045, 1046, 1047, 1048, 1049, 1050]], 'set_123': [[2059, 2060], [2061]], 'set_122': [[1969], [1958, 1959, 1960, 1961, 1962, 1963, 1964, 1965, 1966, 1967, 1968]], 'set_36': [[899, 900], [908]], 'set_121': [[1958, 1959], [1905, 1906, 1907]], 'set_100': [[2827], [2819], [2812, 2813, 2814]], 'set_101': [[2831], [2822]], 'set_9': [[282], [272, 273]], 'set_120': [[1839], [1832, 1833, 1834, 1835, 1836, 1837], [1884]], 'set_133': [[2676], [2669]], 'set_130': [[2496, 2497], [2520], [2515]], 'set_129': [[2460, 2461, 2462, 2463, 2464, 2465, 2466, 2467, 2468, 2469, 2470, 2471, 2472, 2473], [2476], [2488]], 'set_5': [[236], [234]], 'set_7': [[249, 250], [261], [253]], 'set_8': [[264], [243, 244]], 'set_12': [[345], [339, 340, 341]], 'set_4': [[210], [207], [197, 198]], 'set_1': [[92], [85, 86], [95]], 'set_32': [[734], [722], [719, 720]], 'set_86': [[2423, 2424], [2429]], 'set_15': [[472], [461, 462]], 'set_78': [[2038], [2033, 2034], [2044]]}

 

